0.477344 -0.878535 0.0178782 1.10666 0.878709 0.477326 -0.00551711 1.3333 -0.00368676 0.0183433 0.999825 0.787487
0.474815 -0.879925 0.0168222 1.99881 0.88004 0.474898 0.00106813 2.9872 -0.00892868 0.014297 0.999858 0.785778
0.473656 -0.880472 0.0204781 2.39485 0.880507 0.473918 0.010451 3.73099 -0.0189067 0.0130809 0.999736 0.781949
0.472616 -0.880925 0.0246102 2.83964 0.880691 0.473133 0.0230027 4.57474 -0.0319076 0.0108025 0.999432 0.769539
0.471251 -0.88157 0.0274972 3.29419 0.880787 0.472009 0.0377201 5.45011 -0.0462319 0.00644353 0.99891 0.747006
0.470086 -0.882085 0.0307508 3.75872 0.880562 0.471083 0.0518815 6.35938 -0.0602501 0.00268923 0.99818 0.714336
0.46905 -0.882537 0.0334735 4.23402 0.880094 0.470241 0.065629 7.29843 -0.0736607 -0.00132348 0.997283 0.673953
0.468484 -0.882825 0.0338038 4.71577 0.87933 0.469647 0.0788041 8.25772 -0.0854461 -0.00719374 0.996317 0.628308
0.468713 -0.882931 0.0272209 5.36707 0.879385 0.469304 0.080217 9.54653 -0.083601 -0.0136611 0.996406 0.556935
0.469153 -0.88276 0.0251151 5.6443 0.878902 0.4695 0.0842599 10.1255 -0.0861727 -0.0174571 0.996127 0.560139
0.470259 -0.882272 0.0212513 6.11996 0.878481 0.470271 0.0843598 11.0804 -0.0844221 -0.0210021 0.996209 0.535194
0.471218 -0.881906 0.0139696 6.59126 0.878738 0.470772 0.0787008 12.0225 -0.0759832 -0.0248096 0.9968 0.523234
0.471867 -0.88166 0.00412906 7.0619 0.879506 0.471032 0.0678021 12.9495 -0.0617233 -0.0283621 0.99769 0.535897
0.472292 -0.881426 -0.00539481 7.5318 0.880293 0.471355 0.0539376 13.8632 -0.0449991 -0.0302233 0.99853 0.572674
0.472584 -0.881212 -0.0114013 8.00574 0.880758 0.471814 0.0407107 14.7653 -0.0304954 -0.029281 0.999106 0.627493
0.472088 -0.881415 -0.015517 8.46803 0.88133 0.471502 0.0307081 15.6543 -0.0197502 -0.0281726 0.999408 0.685124
0.470765 -0.882064 -0.0185409 8.92612 0.882181 0.470342 0.0231232 16.5409 -0.0116756 -0.027242 0.999561 0.737734
0.469098 -0.882958 -0.0182266 9.38675 0.883145 0.468963 0.0113324 17.4177 -0.00145839 -0.0214127 0.99977 0.788925
0.46665 -0.884215 -0.0200428 9.87214 0.884336 0.466825 -0.0049143 18.341 0.0137018 -0.0154314 0.999787 0.838761
0.464404 -0.885296 -0.0240845 10.2954 0.885235 0.464834 -0.0169713 19.1529 0.0262199 -0.0134389 0.999566 0.888652
0.461771 -0.886525 -0.029 10.749 0.886225 0.462487 -0.0266793 20.0251 0.037064 -0.0133808 0.999223 0.948009
0.459559 -0.887586 -0.031559 11.1989 0.887056 0.460465 -0.0332161 20.8961 0.044014 -0.0127299 0.99895 1.00838
0.457922 -0.888379 -0.0330369 11.6535 0.887785 0.45892 -0.0350843 21.7696 0.0463295 -0.0132638 0.998838 1.06239
0.456382 -0.889117 -0.0344449 12.1051 0.888502 0.45746 -0.0359847 22.6451 0.0477518 -0.0141816 0.998758 1.10501
0.455055 -0.889778 -0.0349443 12.5512 0.889191 0.456152 -0.0355735 23.5262 0.0475924 -0.0148843 0.998756 1.13705
0.454388 -0.890177 -0.033415 12.9993 0.889628 0.455395 -0.0343043 24.4097 0.0457539 -0.0141394 0.998853 1.16372
0.454133 -0.890237 -0.0352353 13.4465 0.889932 0.455142 -0.0294332 25.2955 0.0422396 -0.0179905 0.998946 1.17975
0.452642 -0.890777 -0.0403864 14.0057 0.890409 0.453956 -0.033118 26.3964 0.0478344 -0.0209698 0.998635 1.19911
0.453143 -0.890644 -0.0376161 14.3197 0.890361 0.454266 -0.0299942 27.007 0.0438019 -0.0199003 0.998842 1.19114
0.453597 -0.890375 -0.0385043 14.7703 0.890167 0.454731 -0.0286792 27.8955 0.0430444 -0.0212665 0.998847 1.19428
0.453781 -0.890281 -0.0385002 15.2214 0.890172 0.454864 -0.0263077 28.7815 0.0409336 -0.0223339 0.998912 1.19773
0.4532 -0.890692 -0.0357281 15.6712 0.890637 0.454111 -0.0234151 29.6666 0.0370802 -0.0212091 0.999087 1.19725
0.452836 -0.890996 -0.0326493 16.1199 0.891002 0.453566 -0.0198341 30.5537 0.0324807 -0.020109 0.99927 1.19332
0.452829 -0.891029 -0.0318319 16.5709 0.891129 0.45346 -0.0162373 31.4428 0.0289024 -0.0210137 0.999361 1.18515
0.452662 -0.891013 -0.0345284 17.0181 0.891183 0.453365 -0.0159085 32.3282 0.0298287 -0.0235699 0.999277 1.17809
0.452565 -0.891038 -0.0351713 17.4645 0.891208 0.453298 -0.0163857 33.2062 0.0305434 -0.0239293 0.999247 1.18001
0.452476 -0.891152 -0.0333689 17.911 0.891365 0.453088 -0.0134536 34.0808 0.0271082 -0.0236564 0.999353 1.18518
0.452695 -0.891217 -0.0282815 18.3578 0.891411 0.453096 -0.00953813 34.9512 0.0213148 -0.0208925 0.999554 1.18712
0.45274 -0.891333 -0.023493 19.2279 0.891478 0.453005 -0.00725806 36.6766 0.0171118 -0.0176575 0.999698 1.18716
0.452662 -0.891483 -0.0188501 19.6758 0.891541 0.452866 -0.00821965 37.5396 0.0158642 -0.0130849 0.999789 1.17292
0.451516 -0.892176 -0.012467 20.5508 0.892195 0.45161 -0.00607954 39.2551 0.0110543 -0.00837802 0.999904 1.18041
0.451205 -0.892405 -0.00520062 20.997 0.892413 0.451217 -0.00136456 40.1251 0.00356434 -0.00402541 0.999986 1.17173
0.451047 -0.892497 -0.00231097 21.4362 0.892498 0.451038 0.00361041 40.9895 -0.00217995 -0.003691 0.999991 1.15625
0.450613 -0.892714 -0.00309392 21.8651 0.892715 0.450598 0.00452969 41.8408 -0.0026496 -0.00480314 0.999985 1.1311
0.449007 -0.893481 -0.00918131 22.3243 0.893506 0.449044 -0.00248913 42.7637 0.00634681 -0.00708592 0.999955 1.11019
0.448403 -0.893752 -0.0119303 22.6831 0.893764 0.448494 -0.00628413 43.4876 0.0109671 -0.00784501 0.999909 1.10312
0.447818 -0.893986 -0.0157417 23.0969 0.894046 0.447943 -0.00540413 44.3204 0.0118826 -0.0116537 0.999861 1.10649
0.446072 -0.894738 -0.0215221 23.631 0.894874 0.446281 -0.00586345 45.4 0.0148511 -0.016644 0.999751 1.11408
0.443246 -0.896009 -0.0264701 24.374 0.896205 0.443572 -0.0077657 46.9016 0.0186995 -0.0202806 0.999619 1.11841
0.443735 -0.895855 -0.0233235 24.609 0.89609 0.443872 -0.000780297 47.3849 0.0110517 -0.0205537 0.999728 1.10891
0.443205 -0.896162 -0.0215215 24.9991 0.896407 0.443201 0.00523621 48.1798 0.00484585 -0.0216127 0.999755 1.10535
0.442117 -0.896711 -0.0210042 25.4176 0.896953 0.442063 0.00743244 49.0404 0.0026204 -0.0221258 0.999752 1.10027
0.440717 -0.897434 -0.0195345 26.0853 0.89764 0.440528 0.0133349 50.4259 -0.00336167 -0.0234118 0.99972 1.09954
0.438913 -0.898247 -0.0225211 26.5421 0.898525 0.438695 0.0141101 51.3809 -0.00279444 -0.0264289 0.999647 1.09263
0.438969 -0.898266 -0.0206178 26.7538 0.898456 0.438596 0.0202799 51.8287 -0.00917384 -0.0274264 0.999582 1.0859
0.437076 -0.899036 -0.0264131 27.1811 0.899409 0.436708 0.0187021 52.7231 -0.00527907 -0.0319305 0.999476 1.07084
0.436977 -0.899041 -0.027857 27.3958 0.89946 0.436599 0.018782 53.187 -0.00472344 -0.0332636 0.999435 1.06005
0.436136 -0.899387 -0.029813 27.7137 0.899881 0.435909 0.0140959 53.8611 0.000318062 -0.0329759 0.999456 1.05805
0.435572 -0.899591 -0.0318105 28.0203 0.900148 0.435427 0.0117191 54.5159 0.00330879 -0.0337387 0.999425 1.06633
0.434644 -0.899926 -0.0348961 28.41 0.900585 0.434551 0.010602 55.3385 0.00562311 -0.036035 0.999335 1.07707
0.433762 -0.900306 -0.0360413 28.6841 0.901015 0.433624 0.011966 55.9314 0.00485534 -0.0376641 0.999279 1.08223
0.43385 -0.900385 -0.0328817 28.8476 0.900985 0.433564 0.0157541 56.2826 7.15666e-05 -0.0364609 0.999335 1.08075
0.433628 -0.900652 -0.0281551 29.1286 0.901092 0.433441 0.0127422 56.8716 0.000727334 -0.0308957 0.999522 1.08372
0.434048 -0.90057 -0.0239886 29.3988 0.900882 0.434002 0.00736122 57.4387 0.00378181 -0.024806 0.999685 1.08753
0.447055 -0.894235 -0.0220445 30.4146 0.894505 0.446875 0.0127752 59.5141 -0.00157291 -0.0254301 0.999675 1.10738
0.453298 -0.891236 -0.0148386 30.6661 0.891326 0.453075 0.0161268 60.017 -0.00764978 -0.0205363 0.99976 1.10967
0.465418 -0.884921 -0.0173522 30.9731 0.885083 0.465242 0.0133162 60.6385 -0.00371084 -0.0215558 0.999761 1.10118
0.474208 -0.880181 -0.020222 31.1768 0.880409 0.474013 0.0138364 61.0168 -0.00259301 -0.0243649 0.9997 1.09968
0.483386 -0.875163 -0.020652 31.3595 0.87539 0.483095 0.0176342 61.3525 -0.00545595 -0.0266027 0.999631 1.09755
0.505959 -0.86231 -0.0206769 31.678 0.862554 0.505737 0.0151979 61.8802 -0.00264818 -0.0255244 0.999671 1.09479
0.528565 -0.848721 -0.0170746 31.9304 0.848893 0.528468 0.010141 62.2637 0.000416528 -0.0198546 0.999803 1.09454
0.543991 -0.839 -0.0123655 32.1004 0.83909 0.543905 0.00981073 62.5014 -0.00150553 -0.0157128 0.999875 1.09456
0.570028 -0.821582 -0.00838416 32.362 0.82162 0.56996 0.00930287 62.8679 -0.00286444 -0.0121915 0.999922 1.09693
0.598655 -0.800989 -0.00540747 32.6296 0.801 0.598608 0.00823314 63.2172 -0.0033577 -0.00926019 0.999952 1.09775
0.643058 -0.765792 -0.00626993 32.9926 0.765815 0.643056 0.00256216 63.6538 0.00206984 -0.00644923 0.999977 1.09423
0.710313 -0.703869 -0.00484255 33.5494 0.70386 0.710329 -0.00358232 64.1944 0.00596129 -0.000863913 0.999982 1.08838
0.740314 -0.672261 -0.000895023 33.8163 0.672243 0.740303 -0.00640095 64.3844 0.0049657 0.00413703 0.999979 1.08443
0.775158 -0.63176 0.00300103 34.1342 0.631757 0.775111 -0.0092908 64.5909 0.00354342 0.00909776 0.999952 1.07853
0.813443 -0.581615 0.00585974 34.4931 0.581639 0.81335 -0.0125909 64.7956 0.00255705 0.0136502 0.999904 1.06894
0.849989 -0.526751 0.00718505 34.8577 0.526796 0.849851 -0.015483 64.9709 0.00204948 0.0169455 0.999854 1.05485
0.883931 -0.467542 0.00846436 35.2269 0.467615 0.883713 -0.0196772 65.1164 0.00171986 0.0213514 0.999771 1.04257
0.921593 -0.388117 0.00555207 35.6825 0.388134 0.921287 -0.0241346 65.2597 0.00425199 0.0243972 0.999693 1.03191
0.939193 -0.343293 0.00807655 35.9558 0.343387 0.938871 -0.0246291 65.3222 0.000872176 0.0259049 0.999664 1.02394
0.96394 -0.265986 0.00848598 36.4104 0.266113 0.963676 -0.0226419 65.4116 -0.00215529 0.0240837 0.999708 1.01225
0.976283 -0.216224 0.0108605 36.7155 0.216406 0.976097 -0.0200601 65.4569 -0.00626345 0.0219347 0.99974 1.00153
0.990492 -0.137276 0.008955 37.1851 0.137429 0.990319 -0.019553 65.4951 -0.00618413 0.0205978 0.999769 0.98743
0.99584 -0.0905555 0.0101524 37.4862 0.0907413 0.995681 -0.0196352 65.5084 -0.00833049 0.0204747 0.999756 0.976187
0.999741 -0.0214006 0.00772164 37.9362 0.0215342 0.999612 -0.0176518 65.5034 -0.00734089 0.0178135 0.999814 0.965306
0.999673 0.024336 0.00779137 38.2592 -0.0242431 0.999636 -0.0117993 65.4961 -0.00807569 0.0116066 0.9999 0.959927
0.996838 0.0791823 0.00671032 38.6549 -0.0791536 0.996853 -0.00442603 65.4691 -0.00703966 0.00388088 0.999968 0.953834
0.991678 0.128657 0.00473592 39.023 -0.128652 0.991689 -0.00130885 65.4228 -0.00486495 0.000688669 0.999988 0.936534
0.984457 0.175565 0.0045088 39.4048 -0.175523 0.984438 -0.00855151 65.3437 -0.00593998 0.0076272 0.999953 0.907637
0.976276 0.216464 0.00524446 39.785 -0.216364 0.976193 -0.0152833 65.2549 -0.0084279 0.013786 0.999869 0.878397
0.966266 0.257538 0.0017468 40.2068 -0.257498 0.9662 -0.0123743 65.1508 -0.00487461 0.0115071 0.999922 0.856928
0.959172 0.282822 -0.000809804 40.5135 -0.282823 0.959168 -0.00291177 65.0781 -4.67747e-05 0.00302192 0.999995 0.85871
0.950267 0.311428 -0.00235716 40.8923 -0.311395 0.950235 0.00929961 64.9737 0.00513602 -0.0081031 0.999954 0.867903
0.941359 0.337383 -0.00396264 41.2729 -0.337283 0.941269 0.0159011 64.8546 0.00909467 -0.0136321 0.999866 0.87716
0.932597 0.360866 -0.00619163 41.66 -0.360723 0.932519 0.0169293 64.7226 0.011883 -0.0135548 0.999837 0.879289
0.924358 0.381354 -0.0114648 42.0565 -0.381172 0.924377 0.0153301 64.5787 0.016444 -0.00980044 0.999817 0.868299
0.916729 0.398999 -0.0202019 42.46 -0.398749 0.916931 0.0153752 64.4207 0.0246585 -0.00603938 0.999678 0.854751
0.909155 0.415727 -0.0246627 42.8683 -0.415411 0.909474 0.0170527 64.2462 0.0295193 -0.00525835 0.99955 0.860816
0.888774 0.45812 -0.0143841 44.1509 -0.457935 0.888868 0.0144473 63.6398 0.0194042 -0.00625343 0.999792 0.894984
0.882907 0.469371 -0.01286 44.6034 -0.469279 0.882998 0.00960021 63.399 0.0158614 -0.00244118 0.999871 0.893701
0.87773 0.478973 -0.0132225 45.0672 -0.478947 0.877828 0.00533704 63.144 0.0141634 0.00164839 0.999898 0.892563
0.873346 0.486889 -0.014361 45.5406 -0.486905 0.873451 0.00262855 62.8814 0.0138234 0.00469678 0.999893 0.891077
0.870087 0.492662 -0.0152755 46.0231 -0.492705 0.870196 0.00106166 62.6111 0.0138158 0.0066026 0.999883 0.887699
0.867504 0.497156 -0.0165056 46.5177 -0.497222 0.867623 9.11448e-05 62.3333 0.014366 0.0081279 0.999864 0.8836
0.864804 0.501811 -0.0173004 47.028 -0.50188 0.864937 0.000415497 62.045 0.0151722 0.00832338 0.99985 0.878226
0.862352 0.506025 -0.0169401 47.5603 -0.506099 0.862475 -0.000102062 61.7435 0.0145588 0.00866141 0.999856 0.870816
0.860087 0.509655 -0.0223843 48.2818 -0.509749 0.860321 0.00171907 61.3325 0.0201338 0.00993182 0.999748 0.865373
0.859541 0.510719 -0.0188669 48.6305 -0.510802 0.859698 0.00050335 61.1403 0.0164769 0.00920461 0.999822 0.848435
0.858418 0.512706 -0.0158285 49.2174 -0.512776 0.858522 -0.000384287 60.8072 0.0133921 0.00844635 0.999875 0.836298
0.857645 0.513845 -0.020196 49.9504 -0.513973 0.857805 -0.00139157 60.3806 0.0166092 0.0115737 0.999795 0.829583
0.85801 0.513299 -0.0185133 50.3788 -0.513452 0.858106 -0.00445283 60.1341 0.0136007 0.0133263 0.999819 0.814541
0.859477 0.510682 -0.0224049 51.1653 -0.510906 0.85962 -0.00530985 59.6767 0.0165481 0.0160105 0.999735 0.808014
0.860925 0.508374 -0.0190653 51.6093 -0.508573 0.860988 -0.00727955 59.4277 0.0127142 0.0159632 0.999792 0.793257
0.863264 0.50447 -0.0169032 52.2732 -0.504653 0.863276 -0.00896191 59.053 0.0100712 0.0162668 0.999817 0.782722
0.866266 0.499265 -0.0178213 53.0682 -0.499459 0.866294 -0.00862713 58.6059 0.0111313 0.0163744 0.999804 0.776297
0.868181 0.496048 -0.0140819 53.608 -0.496191 0.86816 -0.00959542 58.3096 0.00746554 0.0153179 0.999855 0.763888
0.872569 0.488461 -0.0053268 55.0319 -0.488488 0.872546 -0.00652087 57.545 0.00146269 0.00829199 0.999964 0.73955
0.876925 0.480621 -0.00221427 56.4856 -0.480621 0.876928 0.000683351 56.7809 0.0022702 0.000464978 0.999997 0.708941
0.879236 0.476371 -0.0039541 58.7069 -0.476187 0.879076 0.0217099 55.6516 0.0138179 -0.0172052 0.999756 0.69995
0.880556 0.473835 -0.0101055 60.3635 -0.473289 0.880261 0.03373 54.8078 0.0248779 -0.0249183 0.99938 0.699477
0.880792 0.473497 -0.0025682 61.52 -0.473112 0.88027 0.0359226 54.221 0.01927 -0.0304253 0.999351 0.688417
0.880827 0.473438 -0.000133321 63.1086 -0.472969 0.879967 0.0442541 53.4059 0.0210689 -0.0389172 0.99902 0.686145
0.880059 0.474855 0.00298889 63.8096 -0.474445 0.878999 0.0475676 53.0514 0.0199605 -0.0432804 0.998864 0.676452
0.878823 0.477058 0.00925106 64.4428 -0.476913 0.877617 0.0484 52.7324 0.0149707 -0.046947 0.998785 0.672565
0.876144 0.481929 0.0107172 65.3988 -0.481772 0.874674 0.0533035 52.2337 0.0163145 -0.0518649 0.998521 0.677942
0.873325 0.486989 0.0120452 66.1077 -0.486836 0.871646 0.0567804 51.8583 0.0171523 -0.0554518 0.998314 0.68056
0.867469 0.497098 0.0197836 67.2448 -0.497374 0.865714 0.0562054 51.2386 0.0108126 -0.0585962 0.998223 0.682268
0.857635 0.513647 0.0250692 68.6885 -0.514211 0.855876 0.0553436 50.422 0.00697094 -0.0603554 0.998153 0.680167
0.84942 0.52726 0.0219829 69.6311 -0.527565 0.847437 0.0593777 49.8666 0.0126784 -0.062034 0.997994 0.674318
0.846415 0.531852 0.0267542 70.0357 -0.532476 0.84459 0.0560081 49.6206 0.00719171 -0.061652 0.998072 0.668631
0.838018 0.545126 0.0237239 70.9302 -0.545527 0.836154 0.0569854 49.05 0.0112274 -0.0606968 0.998093 0.669276
0.834546 0.550281 0.026889 71.3603 -0.55089 0.832837 0.0538831 48.7685 0.00725671 -0.0597808 0.998185 0.660745
0.825799 0.563506 0.0227175 72.2437 -0.563805 0.82394 0.0569848 48.1793 0.0133934 -0.0598663 0.998116 0.658491
0.820027 0.571948 0.0207665 72.8342 -0.572091 0.818117 0.0582826 47.7792 0.0163452 -0.0596737 0.998084 0.656241
0.814568 0.579714 0.0202838 73.4259 -0.579804 0.812643 0.0586373 47.3729 0.0175093 -0.0595247 0.998073 0.655226
0.808521 0.588164 0.0188953 74.0546 -0.58815 0.806612 0.0588028 46.9236 0.0193445 -0.0586565 0.998091 0.659674
0.803126 0.595509 0.0189077 74.6236 -0.59549 0.801252 0.0582003 46.5087 0.019509 -0.0580015 0.998126 0.665763
0.800243 0.599217 0.0234586 75.038 -0.599532 0.79858 0.0532147 46.202 0.0131536 -0.0566489 0.998307 0.664975
0.793838 0.607648 0.0241768 75.8043 -0.60802 0.792317 0.0504499 45.624 0.0115002 -0.0547491 0.998434 0.664457
0.789327 0.613532 0.0232761 76.4496 -0.613871 0.787938 0.0481315 45.134 0.01119 -0.05228 0.99857 0.657767
0.78703 0.61646 0.023681 76.9353 -0.616861 0.785875 0.0433932 44.7491 0.00813989 -0.0487596 0.998777 0.649856
0.785929 0.617713 0.0273181 77.3427 -0.618314 0.785038 0.0374627 44.4273 0.00169546 -0.0463342 0.998925 0.639458
0.783804 0.62044 0.0265672 78.0746 -0.621007 0.782986 0.0358256 43.8516 0.00142582 -0.0445786 0.999005 0.626996
0.782907 0.621607 0.02571 78.6266 -0.622135 0.782077 0.0361047 43.4205 0.00233576 -0.0442617 0.999017 0.615472
0.783026 0.621347 0.0282579 78.963 -0.621987 0.782326 0.0331421 43.1592 -0.00151413 -0.0435272 0.999051 0.603236
0.784122 0.61995 0.0285294 79.4991 -0.620599 0.78351 0.0311406 42.7351 -0.00304742 -0.0421234 0.999108 0.594059
0.787784 0.615491 0.0238035 80.1757 -0.615949 0.787082 0.0332863 42.2032 0.00175216 -0.0408841 0.999162 0.5869
0.790291 0.612222 0.0249762 80.4783 -0.612731 0.789651 0.0317945 41.9697 -0.000257218 -0.0404307 0.999182 0.586638
0.795857 0.604953 0.0253581 80.9651 -0.605483 0.795216 0.03196 41.6028 -0.000830863 -0.0407895 0.999167 0.591776
0.806442 0.590917 0.0216139 81.5753 -0.591301 0.805654 0.0358604 41.1592 0.00377721 -0.0416997 0.999123 0.600663
0.811214 0.584307 0.0227176 81.8554 -0.584742 0.810407 0.0362923 40.9744 0.00279538 -0.0427247 0.999083 0.61117
0.827432 0.561317 0.0167222 82.4524 -0.561477 0.826407 0.042373 40.5906 0.00996537 -0.0444499 0.998962 0.622175
0.835056 0.5499 0.0170758 82.7184 -0.550085 0.834007 0.042869 40.44 0.00933229 -0.0451912 0.998935 0.631031
0.864755 0.501896 0.0172809 83.6453 -0.502139 0.863646 0.0444066 39.9342 0.00736286 -0.0470782 0.998864 0.646558
0.882093 0.470637 0.0203169 84.135 -0.471071 0.881081 0.0422921 39.7028 0.0020034 -0.0468763 0.998899 0.659983
0.900728 0.433756 0.0233317 84.6232 -0.43437 0.899808 0.0408329 39.5097 -0.00328255 -0.046914 0.998893 0.670395
0.919577 0.39201 0.0265632 85.1081 -0.392815 0.918736 0.0402508 39.3476 -0.00862587 -0.0474482 0.998836 0.676772
0.941226 0.33656 0.0286609 85.6685 -0.33754 0.940357 0.0423781 39.204 -0.0126887 -0.0495616 0.99869 0.68178
0.955183 0.294365 0.0312043 86.0691 -0.295538 0.95431 0.0441466 39.1339 -0.0167833 -0.0513902 0.998538 0.682155
0.973577 0.226401 0.0298243 86.6534 -0.227606 0.972648 0.0463934 39.0614 -0.018505 -0.0519557 0.998478 0.678065
0.983536 0.178417 0.0287113 87.0451 -0.179579 0.98272 0.0448734 39.0442 -0.020209 -0.0492906 0.99858 0.677729
0.993228 0.113547 0.0245786 87.5442 -0.114501 0.992547 0.0417119 39.0376 -0.0196592 -0.0442437 0.998827 0.680159
0.998814 0.0453828 0.0176582 88.0363 -0.0460103 0.998258 0.0369237 39.0607 -0.0159517 -0.0376923 0.999162 0.687548
0.999634 -0.0249974 0.0103838 88.5201 0.0246414 0.999148 0.0331072 39.1164 -0.0112025 -0.0328392 0.999398 0.699017
0.991955 -0.126552 -0.00309667 89.1499 0.126588 0.991512 0.0296688 39.2439 -0.000684271 -0.0298221 0.999555 0.713657
0.980779 -0.194809 -0.0110572 89.5519 0.19503 0.980482 0.0248457 39.3645 0.00600127 -0.0265246 0.99963 0.730329
0.971477 -0.236899 -0.0105507 89.8307 0.237083 0.971229 0.0224879 39.4674 0.00491979 -0.0243479 0.999691 0.741009
0.929614 -0.368529 -0.00206241 90.73 0.368493 0.929408 0.020343 39.872 -0.00558016 -0.0196711 0.999791 0.761262
0.888604 -0.458675 0.000455141 91.3053 0.458601 0.888479 0.0170553 40.2058 -0.00822721 -0.0149467 0.999854 0.778151
0.871347 -0.490638 0.00530466 91.5501 0.490489 0.871271 0.0175341 40.3645 -0.0132247 -0.0126764 0.999832 0.779324
0.80806 -0.588981 0.0118544 92.3438 0.588718 0.808096 0.0197687 40.9608 -0.0212229 -0.00899537 0.999734 0.783927
0.777358 -0.628981 0.00980063 92.7099 0.628777 0.777383 0.0177735 41.2564 -0.018798 -0.00765396 0.999794 0.789776
0.737736 -0.675087 -0.00162222 93.1733 0.675077 0.737707 0.00767568 41.6678 -0.00398503 -0.00675776 0.999969 0.79761
0.7253 -0.688429 -0.00241658 93.367 0.688432 0.725285 0.00477269 41.8337 -0.00153295 -0.00512529 0.999986 0.791666
0.705692 -0.708518 -0.00104894 93.7183 0.708516 0.705692 -0.00163368 42.1687 0.00189772 0.000409679 0.999998 0.790107
0.686655 -0.726983 0.000200124 94.1508 0.726919 0.686591 -0.0134596 42.604 0.00964751 0.00938759 0.999909 0.80447
0.681108 -0.732179 0.00244617 94.3928 0.732103 0.68098 -0.0170556 42.8227 0.010822 0.0134076 0.999852 0.823183
0.673765 -0.738946 3.62061e-05 94.7468 0.738838 0.673666 -0.0170942 43.1827 0.0126073 0.0115442 0.999854 0.841876
0.668488 -0.74371 -0.00426556 95.0978 0.743589 0.668466 -0.0151431 43.554 0.0141135 0.00695116 0.999876 0.860915
0.665333 -0.746454 -0.0117945 95.4779 0.746321 0.665437 -0.0140564 43.9692 0.0183409 0.000549683 0.999832 0.883229
0.664737 -0.746917 -0.0155112 95.8018 0.746787 0.664914 -0.014107 44.3242 0.0208504 -0.00220615 0.99978 0.90546
0.666139 -0.74555 -0.0203314 96.275 0.745212 0.666449 -0.022458 44.8398 0.0302934 -0.000191092 0.999541 0.939123
0.668751 -0.743265 -0.0181336 96.5188 0.742861 0.66899 -0.0247139 45.0915 0.0305002 0.00305667 0.99953 0.957169
0.67363 -0.738736 -0.0221981 97.0349 0.737898 0.673949 -0.0360369 45.6373 0.0415822 0.00789554 0.999104 0.997246
0.67722 -0.735415 -0.0231853 97.3724 0.734622 0.677585 -0.0347592 45.9853 0.0412725 0.00650712 0.999127 1.02419
0.680787 -0.732217 -0.0196504 97.6866 0.731702 0.681056 -0.0278363 46.3085 0.0337653 0.0045724 0.999419 1.04196
0.686871 -0.726612 -0.0155788 98.2517 0.726245 0.68703 -0.0236259 46.8912 0.02787 0.00491392 0.999599 1.07199
0.690401 -0.723389 -0.00739367 98.6654 0.72316 0.690388 -0.0201056 47.3103 0.0196487 0.00853414 0.99977 1.08502
0.693523 -0.720434 0.000222983 99.0907 0.720351 0.693439 -0.015369 47.7451 0.0109177 0.0108194 0.999882 1.08341
0.696593 -0.717431 0.00704607 99.5691 0.717439 0.696449 -0.0154537 48.2147 0.00617976 0.0158201 0.999856 1.07708
0.697575 -0.716358 0.0148151 99.8956 0.716511 0.697443 -0.013587 48.5225 -0.000599553 0.0200931 0.999798 1.06409
0.698585 -0.71538 0.0144908 100.551 0.715497 0.698227 -0.0233147 49.1665 0.00656094 0.0266554 0.999623 1.06129
0.698673 -0.715231 0.0173521 100.874 0.715428 0.698307 -0.0230109 49.4757 0.00434104 0.0284913 0.999585 1.05569
0.697982 -0.715914 0.0169467 101.4 0.716105 0.697649 -0.0219107 50.0015 0.00386331 0.0274289 0.999616 1.05412
0.6966 -0.717191 0.0196304 101.927 0.717459 0.696318 -0.0198414 50.527 0.000561024 0.0279055 0.99961 1.05243
0.69544 -0.718096 0.0264874 102.457 0.718547 0.695305 -0.0154951 51.0573 -0.00728991 0.0298084 0.999529 1.05128
0.69419 -0.718944 0.0349226 103.003 0.719582 0.694341 -0.00956217 51.5969 -0.0173735 0.0317677 0.999344 1.04224
0.693037 -0.719952 0.0369871 103.548 0.720585 0.693342 -0.00590965 52.1439 -0.0213901 0.030748 0.999298 1.03061
0.692361 -0.720824 0.0323831 104.087 0.721304 0.692601 -0.00494199 52.6961 -0.0188663 0.0267797 0.999463 1.0233
0.690984 -0.722408 0.0258317 104.621 0.722772 0.691038 -0.00823259 53.2527 -0.0119034 0.024359 0.999632 1.02505
0.688678 -0.724741 0.021753 105.165 0.725041 0.688598 -0.0121485 53.8235 -0.00617458 0.0241383 0.99969 1.03009
0.686521 -0.726797 0.0213355 105.716 0.727096 0.686394 -0.0139554 54.4094 -0.00450185 0.0250936 0.999675 1.03529
0.684202 -0.728886 0.0243492 106.281 0.729272 0.684055 -0.0152232 55.0003 -0.00556022 0.0281729 0.999588 1.04285
0.681328 -0.731315 0.0311521 107.424 0.731923 0.681182 -0.0167337 56.1925 -0.00898265 0.034202 0.999375 1.04844
0.68098 -0.731569 0.03275 108.095 0.732284 0.680592 -0.0235489 56.8891 -0.00506168 0.0400186 0.999186 1.06253
0.681175 -0.731305 0.0345465 108.554 0.732093 0.680802 -0.023436 57.3727 -0.0063805 0.0412553 0.999128 1.06857
0.681946 -0.73106 0.0223763 109.785 0.731398 0.681516 -0.0243672 58.6927 0.00256406 0.0329831 0.999453 1.07123
0.682878 -0.730465 0.00993042 110.396 0.730435 0.682501 -0.0256449 59.349 0.0119552 0.0247659 0.999622 1.0886
0.684356 -0.729106 0.00781658 110.79 0.729096 0.684141 -0.019212 59.7679 0.00865994 0.0188469 0.999785 1.09393
0.68762 -0.726067 0.00224412 111.519 0.726024 0.687538 -0.0134347 60.5441 0.00821157 0.0108672 0.999907 1.10156
0.689517 -0.724264 0.0028144 111.959 0.724257 0.689478 -0.00844189 61.0101 0.00417369 0.00785917 0.99996 1.10105
0.692186 -0.721717 -0.00185463 112.704 0.721658 0.692159 -0.0111843 61.8 0.00935563 0.00640324 0.999936 1.1149
0.693269 -0.720671 0.0032628 113.142 0.720662 0.693215 -0.0099568 62.2518 0.00491376 0.00925411 0.999945 1.1232
0.694302 -0.719642 0.00772841 113.923 0.719651 0.69413 -0.0169063 63.0529 0.00680193 0.0172998 0.999827 1.1367
0.69498 -0.718912 0.0129904 114.35 0.719027 0.694815 -0.0152752 63.4869 0.00195558 0.0199564 0.999799 1.14156
0.696506 -0.717459 0.0114887 115.147 0.717546 0.696357 -0.0146325 64.2992 0.00249797 0.0184353 0.999827 1.14693
0.698314 -0.715702 0.0113304 116.327 0.715766 0.698336 -0.00251183 65.5148 -0.0061147 0.00986396 0.999933 1.14341
0.699549 -0.714552 0.00676148 116.929 0.714584 0.699523 -0.00604172 66.1307 -0.000412685 0.00905813 0.999959 1.13647
0.700241 -0.713861 0.00811403 117.298 0.713906 0.700209 -0.00672422 66.5049 -0.000881362 0.0105012 0.999944 1.12656
0.699561 -0.714257 0.0212629 119.139 0.714531 0.699534 -0.00993091 68.3671 -0.00778087 0.0221402 0.999725 1.14592
0.698102 -0.715 0.0377988 119.897 0.715312 0.698771 0.00690485 69.1348 -0.0313497 0.0222177 0.999261 1.14331
0.697305 -0.71564 0.0403005 120.356 0.715801 0.698186 0.0128466 69.6111 -0.0373308 0.0198891 0.999105 1.11552
0.696299 -0.717492 0.0193078 121.541 0.717613 0.696442 0.000957479 70.8373 -0.0141337 0.0131888 0.999813 1.07916
0.69538 -0.718461 0.0161501 122.131 0.718597 0.695412 -0.00443032 71.4538 -0.00804797 0.0146862 0.99986 1.08531
0.693094 -0.720724 0.0132916 122.886 0.720843 0.693036 -0.00932271 72.2362 -0.00249243 0.0160426 0.999868 1.08902
0.68861 -0.725023 0.0125594 123.817 0.72513 0.68855 -0.00925356 73.2269 -0.00193873 0.0154793 0.999878 1.10786
0.685646 -0.727869 0.00983842 124.386 0.727934 0.685606 -0.00747758 73.8395 -0.00130258 0.0122887 0.999924 1.11929
0.683597 -0.729851 0.00356969 124.948 0.729858 0.683597 -0.00150805 74.4628 -0.00133958 0.00363627 0.999992 1.13058
0.68221 -0.731156 -6.78971e-05 125.506 0.731154 0.682207 0.00288969 75.0754 -0.00206649 -0.00202102 0.999996 1.13377
0.680238 -0.732984 -0.00319371 126.264 0.732991 0.680235 0.00206331 75.8939 0.000660106 -0.00374451 0.999993 1.13495
0.679901 -0.733303 -0.000107927 126.582 0.733294 0.679892 0.00519255 76.2341 -0.00373433 -0.00360957 0.999987 1.13351
0.677887 -0.735162 -0.00244693 127.267 0.735164 0.67789 -0.000542879 76.9763 0.00205785 -0.00143089 0.999997 1.14134
0.674355 -0.738389 -0.00520448 127.848 0.738321 0.674368 -0.0104999 77.6114 0.0112627 0.00323806 0.999931 1.15943
0.670476 -0.741913 -0.00529688 128.292 0.741798 0.670474 -0.0141515 78.1112 0.0140506 0.00555901 0.999886 1.17496
0.667331 -0.74476 -0.00115582 128.672 0.744724 0.667312 -0.00892133 78.5465 0.00741555 0.00509271 0.99996 1.18271
0.660581 -0.750744 0.00412531 129.399 0.750755 0.660574 -0.00300169 79.3802 -0.000471569 0.00507995 0.999987 1.17759
0.65873 -0.752289 0.011698 129.724 0.752296 0.658809 0.00469642 79.7541 -0.0112398 0.00570668 0.99992 1.17479
0.655512 -0.755027 0.0154649 130.275 0.75486 0.655693 0.0158905 80.3906 -0.022138 0.00125741 0.999754 1.16068
0.650693 -0.759311 0.00670671 130.991 0.759189 0.650715 0.0142214 81.2297 -0.0151626 -0.00416211 0.999876 1.13803
0.645848 -0.763465 -0.00120331 131.457 0.763454 0.645829 0.00653236 81.7953 -0.00421009 -0.00513759 0.999978 1.1291
0.643043 -0.765828 -0.00140875 131.787 0.76582 0.643025 0.00619845 82.2106 -0.00384108 -0.00506472 0.99998 1.12999
0.638376 -0.769724 -9.41195e-06 132.324 0.769711 0.638365 0.00594726 82.8781 -0.00457174 -0.00380384 0.999982 1.13109
0.630816 -0.775921 -0.00406609 132.972 0.775903 0.630739 0.0119672 83.6958 -0.00672097 -0.010704 0.99992 1.12204
0.626766 -0.779182 -0.00622877 133.351 0.779127 0.626566 0.0194105 84.1884 -0.0112215 -0.0170188 0.999792 1.10725
0.616091 -0.787452 -0.0187662 134.026 0.787675 0.615906 0.0150754 85.0726 -0.000312929 -0.0240695 0.99971 1.09857
0.612018 -0.790614 -0.0190702 134.331 0.790843 0.611794 0.016629 85.4881 -0.0014801 -0.0252588 0.99968 1.09775
0.59911 -0.80049 -0.0167803 135.348 0.800613 0.598698 0.0240679 86.8551 -0.00921979 -0.0278539 0.999569 1.09479
0.590383 -0.806895 -0.0191777 135.947 0.807003 0.589719 0.0312733 87.696 -0.0139248 -0.0339397 0.999327 1.08543
0.584604 -0.811099 -0.0188842 136.362 0.811133 0.583813 0.0350078 88.2876 -0.01737 -0.0357833 0.999209 1.07607
0.57542 -0.817678 -0.0171489 137.27 0.817549 0.5745 0.0395366 89.5835 -0.0224762 -0.0367702 0.999071 1.04603
0.56928 -0.821652 -0.028415 137.891 0.822091 0.568512 0.0310046 90.5043 -0.00932075 -0.04101 0.999115 1.03632
0.567665 -0.822618 -0.0324816 138.176 0.82321 0.566755 0.0333804 90.9408 -0.00905016 -0.0456881 0.998915 1.03647
0.565049 -0.824155 -0.0385822 138.652 0.825042 0.564139 0.0324354 91.6523 -0.00496606 -0.0501595 0.998729 1.03853
0.560708 -0.826899 -0.0429356 139.267 0.828012 0.55986 0.0308712 92.5693 -0.00148943 -0.0528609 0.998601 1.04738
0.559864 -0.827596 -0.0404697 139.55 0.828534 0.558621 0.038395 93.004 -0.00916826 -0.0550265 0.998443 1.05174
0.552522 -0.832591 -0.0388646 140.61 0.833377 0.551046 0.0427992 94.5966 -0.0142181 -0.0560364 0.998327 1.02135
0.547314 -0.836085 -0.0375393 141.046 0.836925 0.54666 0.0268123 95.2633 -0.00189615 -0.0460924 0.998935 1.007
0.544548 -0.838048 -0.0337981 141.311 0.838724 0.54395 0.0256944 95.6837 -0.00314869 -0.0423391 0.999098 1.0079
0.538912 -0.841663 -0.0343046 141.773 0.84235 0.538236 0.0273584 96.424 -0.00456261 -0.0436402 0.999037 1.00952
0.533268 -0.845317 -0.0326282 142.23 0.845858 0.532258 0.0350236 97.1661 -0.0122394 -0.0462758 0.998854 0.999289
0.524654 -0.850891 -0.0268694 142.794 0.851168 0.523715 0.0351414 98.0814 -0.0158296 -0.0413075 0.999021 0.989068
0.51448 -0.857386 -0.0140885 143.623 0.857274 0.513896 0.031495 99.4477 -0.0197633 -0.0282813 0.999405 0.966308
0.510602 -0.859749 -0.010812 143.963 0.859564 0.510106 0.0306773 100.023 -0.0208595 -0.0249575 0.999471 0.957315
0.503332 -0.863999 -0.0127629 144.514 0.864086 0.503213 0.0115359 100.963 -0.00354457 -0.0168347 0.999852 0.94872
0.498133 -0.867065 -0.00783398 144.941 0.867069 0.498172 -0.00409196 101.676 0.00745066 -0.00475427 0.999961 0.953026
0.495208 -0.868765 -0.00410543 145.204 0.868773 0.49521 0.000539857 102.135 0.00156404 -0.00383403 0.999991 0.958717
0.487243 -0.873244 -0.00627723 145.786 0.873215 0.487123 0.0143447 103.165 -0.00946866 -0.0124707 0.999877 0.954129
0.483492 -0.87532 -0.00713636 146.135 0.875159 0.483201 0.0247599 103.804 -0.0182245 -0.0182166 0.999668 0.94752
0.481058 -0.876669 -0.00589193 146.431 0.876348 0.480673 0.0310998 104.36 -0.0244321 -0.0201242 0.999499 0.933368
0.476106 -0.879184 -0.0189143 147.241 0.879321 0.475695 0.0225482 105.892 -0.0108266 -0.0273671 0.999567 0.904643
0.472068 -0.881215 -0.0247444 148.05 0.88154 0.471674 0.0202534 107.437 -0.00617636 -0.0313742 0.999489 0.915251
0.470234 -0.882283 -0.021365 148.542 0.88249 0.469807 0.0221787 108.386 -0.00953049 -0.0292836 0.999526 0.923752
0.4707 -0.882111 -0.017908 148.845 0.882119 0.470107 0.0294192 108.952 -0.0175323 -0.0296447 0.999407 0.92047
0.46884 -0.883101 -0.01791 149.664 0.883105 0.468243 0.0295423 110.492 -0.0177027 -0.029667 0.999403 0.890632
0.4663 -0.884386 -0.0206258 150.187 0.884594 0.466357 0.00227222 111.488 0.00760946 -0.019305 0.999785 0.894987
0.465515 -0.884912 -0.0150176 150.426 0.884991 0.465601 -0.00258342 111.931 0.00927832 -0.0120879 0.999884 0.909722
0.463708 -0.885902 -0.0123491 150.939 0.885877 0.463825 -0.0093735 112.904 0.0140318 -0.00659326 0.99988 0.944025
0.462575 -0.886486 -0.012927 151.329 0.886552 0.462627 -0.00120825 113.659 0.00705145 -0.0109015 0.999916 0.962078
0.462179 -0.886735 -0.00958692 151.577 0.886778 0.462098 0.00950632 114.146 -0.00399949 -0.0128951 0.999909 0.971035
0.460693 -0.88749 -0.0111434 152.121 0.887559 0.460644 0.00676069 115.214 -0.000866875 -0.0130051 0.999915 0.9743
0.460453 -0.88756 -0.0148179 152.475 0.887672 0.46047 0.00248743 115.922 0.00461544 -0.0142988 0.999887 0.97243
0.460208 -0.88755 -0.0215296 152.821 0.887779 0.460263 0.00260986 116.621 0.0075929 -0.0203146 0.999765 0.982266
0.460472 -0.887437 -0.0205359 153.078 0.887674 0.460349 0.0106338 117.128 1.68066e-05 -0.0231257 0.999733 0.985415
0.460163 -0.887576 -0.0214036 153.861 0.887745 0.459641 0.0252541 118.666 -0.012577 -0.030622 0.999452 0.980041
0.459153 -0.887862 -0.0296561 154.729 0.888329 0.458613 0.0233798 120.394 -0.00715744 -0.0370792 0.999287 0.971469
0.458636 -0.888034 -0.0323797 155.013 0.888609 0.458111 0.0225417 120.981 -0.00518433 -0.0391113 0.999221 0.979162
0.458084 -0.888258 -0.0339999 155.329 0.888883 0.457445 0.025124 121.632 -0.00676354 -0.0417309 0.999106 0.981998
0.456903 -0.888909 -0.0328521 155.735 0.889425 0.456017 0.0311675 122.432 -0.012724 -0.04346 0.998974 0.972883
0.456509 -0.889089 -0.0334728 156.092 0.889619 0.455571 0.0321439 123.139 -0.0133295 -0.044452 0.998923 0.968046
0.456358 -0.889123 -0.0345901 156.46 0.889717 0.455454 0.0310796 123.866 -0.0118794 -0.0449588 0.998918 0.972773
0.45655 -0.888956 -0.03633 156.818 0.889655 0.455746 0.0284572 124.58 -0.00873991 -0.0453133 0.998935 0.983553
0.457257 -0.888483 -0.0389036 157.193 0.889326 0.456626 0.0243242 125.326 -0.00384724 -0.0457204 0.998947 0.98368
0.458232 -0.887814 -0.0425344 157.497 0.888831 0.45779 0.0201858 125.953 0.00155056 -0.0470557 0.998891 0.988594
0.459581 -0.886923 -0.0463941 157.824 0.888099 0.459409 0.0149319 126.608 0.00807042 -0.048065 0.998812 0.991691
0.461323 -0.885795 -0.0504856 158.143 0.887102 0.461482 0.00916312 127.243 0.0151815 -0.049013 0.998683 0.997569
0.463581 -0.884334 -0.0551823 158.45 0.885771 0.464109 0.00360809 127.862 0.0224199 -0.0505515 0.99847 1.00751
0.466694 -0.882328 -0.0607738 158.778 0.883874 0.467716 -0.00296687 128.516 0.0310426 -0.0523318 0.998147 1.01922
0.47012 -0.880262 -0.0642363 159.072 0.881785 0.471571 -0.00873703 129.079 0.0379828 -0.0525351 0.997896 1.02897
0.473682 -0.878274 -0.0652678 159.342 0.879737 0.475323 -0.0114638 129.579 0.0410916 -0.0519883 0.997802 1.03962
0.47821 -0.875661 -0.0673292 159.642 0.877129 0.480061 -0.0136558 130.141 0.04428 -0.052526 0.997637 1.04994
0.483782 -0.872308 -0.0709503 159.973 0.873769 0.486023 -0.0175798 130.752 0.0498185 -0.0534894 0.997325 1.06434
0.489383 -0.868996 -0.0731456 160.268 0.870454 0.491858 -0.0196489 131.29 0.0530521 -0.0540541 0.997128 1.07244
0.503166 -0.860657 -0.0780689 160.944 0.862166 0.506114 -0.0227689 132.48 0.059108 -0.0558519 0.996688 1.11956
0.507454 -0.858956 -0.0684541 161.16 0.860486 0.509329 -0.0121856 132.853 0.0453325 -0.0527201 0.99758 1.11872
0.518829 -0.853915 -0.04057 161.867 0.854604 0.519279 -0.0006587 133.973 0.0216296 -0.0343296 0.999176 1.13337
0.524591 -0.850575 -0.0364182 162.321 0.851044 0.525075 -0.00455572 134.686 0.0229973 -0.0286036 0.999326 1.13316
0.525628 -0.850113 -0.031976 162.53 0.85058 0.525843 0.00196462 135.014 0.0151442 -0.0282308 0.999487 1.1204
0.526217 -0.850036 -0.0231182 163.574 0.85033 0.525819 0.0213096 136.714 -0.00595794 -0.0308716 0.999506 1.11826
0.526294 -0.849966 -0.023919 163.945 0.850226 0.525661 0.0282081 137.322 -0.0114027 -0.0351823 0.999316 1.09799
0.525474 -0.850033 -0.0363392 164.362 0.850809 0.524949 0.0235187 138.002 -0.000915403 -0.0432762 0.999063 1.07902
0.524389 -0.850562 -0.0394968 164.635 0.851473 0.523998 0.0205108 138.447 0.00325047 -0.0443861 0.999009 1.07333
0.5219 -0.852077 -0.0398 164.985 0.852948 0.521842 0.0126505 139.019 0.00999013 -0.0405496 0.999128 1.08466
0.518692 -0.854175 -0.0366403 165.328 0.854908 0.518663 0.0110614 139.604 0.00955557 -0.0370616 0.999267 1.09936
0.513773 -0.857076 -0.038178 165.669 0.857926 0.513299 0.022068 140.205 0.00068273 -0.0440918 0.999027 1.10881
0.50962 -0.85978 -0.0326533 166.084 0.860297 0.508605 0.0347887 140.921 -0.013303 -0.0458205 0.998861 1.11547
0.5071 -0.861594 -0.0224794 166.366 0.86148 0.505887 0.0439515 141.403 -0.0264963 -0.0416534 0.998781 1.11388
0.504317 -0.863367 -0.0161964 166.714 0.862881 0.503136 0.0478648 142.01 -0.0331759 -0.0381147 0.998722 1.08954
0.499113 -0.866174 -0.0250643 167.415 0.86622 0.497939 0.0414754 143.244 -0.0234445 -0.0424121 0.998825 1.04992
0.495786 -0.868053 -0.026065 167.786 0.868356 0.495084 0.0291433 143.905 -0.0123935 -0.0370826 0.999235 1.04451
0.49463 -0.868879 -0.0197634 168.116 0.86904 0.49419 0.0233721 144.478 -0.0105407 -0.0287357 0.999532 1.04879
0.493866 -0.869491 -0.00905386 168.484 0.869427 0.49361 0.0211337 145.101 -0.0139065 -0.0183089 0.999736 1.04898
0.492871 -0.870102 -0.000776013 168.843 0.869929 0.492755 0.0204168 145.712 -0.0173823 -0.0107379 0.999791 1.04621
0.491225 -0.871032 0.000179099 169.31 0.87099 0.491203 0.00980813 146.515 -0.00863118 -0.00466201 0.999952 1.03781
0.490395 -0.8715 0.00117475 169.596 0.8715 0.490395 0.000199183 147.009 -0.00074968 0.000926115 0.999999 1.03547
0.48926 -0.872048 0.0125592 170.193 0.872136 0.489241 -0.00472018 148.061 -0.00202827 0.0132627 0.99991 1.03703
0.487915 -0.872778 0.0140584 170.652 0.872891 0.487845 -0.00822767 148.874 0.0003226 0.0162859 0.999867 1.04583
0.487939 -0.87269 0.0180922 170.848 0.872861 0.487954 -0.00387229 149.218 -0.00544884 0.0176814 0.999829 1.04438
0.487659 -0.872758 0.0219763 171.197 0.872982 0.487751 -0.00128579 149.836 -0.00959679 0.0198119 0.999758 1.03354
0.487733 -0.872677 0.0234706 171.543 0.872955 0.487786 -0.00381072 150.448 -0.00812307 0.0223473 0.999717 1.01534
0.488205 -0.87246 0.0216525 171.88 0.872727 0.48811 -0.00984692 151.059 -0.00197776 0.023704 0.999717 1.00157
0.488333 -0.872464 0.0183579 172.211 0.872645 0.488107 -0.015547 151.662 0.00460361 0.0236121 0.999711 1.00068
0.488757 -0.872296 0.014693 172.852 0.872411 0.48861 -0.0126044 152.836 0.0038156 0.0189788 0.999813 1.00712
0.488408 -0.872412 0.0188526 173.164 0.872605 0.488395 -0.00560788 153.41 -0.00431512 0.0191898 0.999807 0.999603
0.488119 -0.87246 0.023523 173.47 0.872704 0.488249 -0.000264434 153.967 -0.0112544 0.0206577 0.999723 0.987855
0.487781 -0.872611 0.0248951 173.772 0.872826 0.488016 0.00401662 154.509 -0.0156541 0.0197698 0.999682 0.974717
0.486568 -0.873238 0.0265763 174.068 0.873436 0.48689 0.00692606 155.036 -0.0189878 0.0198427 0.999623 0.957653
0.483385 -0.874854 0.0311214 174.363 0.87517 0.483777 0.00612696 155.566 -0.020416 0.0242748 0.999497 0.939223
0.478221 -0.877535 0.0351697 174.622 0.878023 0.478608 0.00302245 156.039 -0.0194848 0.0294344 0.999377 0.92808
0.470362 -0.8817 0.0369495 174.874 0.882332 0.470624 -0.001798 156.51 -0.015804 0.0334474 0.999316 0.922756
0.459987 -0.887221 0.0353769 175.104 0.887867 0.46005 -0.00682815 156.963 -0.010217 0.0345508 0.999351 0.918315
0.446087 -0.894378 0.033084 175.314 0.894976 0.445978 -0.011005 157.403 -0.0049121 0.0345186 0.999392 0.913727
0.428173 -0.903082 0.0333325 175.509 0.903695 0.427952 -0.0138702 157.834 -0.00173883 0.0360613 0.999348 0.914807
0.406446 -0.913055 0.0336441 175.68 0.913674 0.406229 -0.0133452 158.261 -0.00148227 0.0361638 0.999345 0.922689
0.38132 -0.923871 0.0325237 175.832 0.924439 0.381182 -0.0105853 158.693 -0.002618 0.0341025 0.999415 0.92938
0.352557 -0.935185 0.0336453 175.969 0.93578 0.352493 -0.00799845 159.132 -0.00437971 0.0343045 0.999402 0.938496
0.319523 -0.94697 0.0339484 176.096 0.947563 0.31952 -0.00563975 159.592 -0.00550652 0.0339702 0.999408 0.946858
0.282321 -0.958826 0.0307657 176.206 0.959299 0.282384 -0.00239119 160.07 -0.00639498 0.0301885 0.999524 0.950524
0.24045 -0.970284 0.0270791 176.291 0.970651 0.240486 -0.00195692 160.534 -0.00461338 0.0267549 0.999631 0.950967
0.194454 -0.980641 0.0230216 176.35 0.980906 0.19448 -0.00111868 160.988 -0.00338023 0.0227996 0.999734 0.951702
0.145003 -0.98929 0.0166866 176.383 0.989428 0.145026 0.000132888 161.437 -0.00255146 0.016491 0.999861 0.95495
0.0922973 -0.995713 0.00605269 176.386 0.995727 0.0923124 0.00227766 161.886 -0.00282663 0.00581661 0.999979 0.96007
