0.4732 -0.88069 0.0228928 1.22078 0.880914 0.473434 0.00815054 1.53284 -0.0180108 0.0162434 0.999823 0.783193
0.471515 -0.881469 0.0268381 1.54478 0.881401 0.472054 0.0217493 2.13582 -0.0318396 0.0133905 0.999508 0.783111
0.470458 -0.881883 0.0311635 2.0042 0.8815 0.471281 0.0300886 3.00847 -0.0412212 0.0133172 0.999097 0.784275
0.468874 -0.882708 0.0313788 2.5004 0.88241 0.469691 0.0275209 3.98311 -0.0390317 0.0147865 0.999136 0.781876
0.467369 -0.883635 0.0278384 3.01698 0.883644 0.467905 0.0183844 5.03819 -0.0292714 0.016015 0.999502 0.776226
0.465328 -0.884847 0.0231095 3.52552 0.885069 0.465562 0.00666815 6.09952 -0.0166609 0.0173626 0.999789 0.77262
0.463543 -0.885859 0.019931 4.00926 0.886117 0.463541 -0.00423549 7.10427 -0.00548769 0.0196335 0.999845 0.777856
0.462216 -0.886574 0.0186521 4.47394 0.886791 0.46209 -0.0105895 8.04276 0.000769102 0.0214385 0.999791 0.797267
0.461693 -0.886889 0.0165526 4.94056 0.887051 0.461511 -0.0134397 8.97448 0.00428024 0.0208892 0.999792 0.833016
0.462594 -0.886377 0.0185598 5.34378 0.886574 0.462571 -0.00575171 9.77192 -0.00348765 0.0191187 0.999821 0.872949
0.464048 -0.885677 0.0160699 5.84583 0.885858 0.463916 -0.0101776 10.7647 0.00155885 0.0189563 0.999862 0.922517
0.465707 -0.88472 0.0198958 6.18787 0.884939 0.465715 -0.00408155 11.4442 -0.00565465 0.0195108 0.99981 0.957685
0.467742 -0.883623 0.0207808 6.61074 0.883848 0.467755 -0.00443079 12.2805 -0.00580421 0.0204408 0.999776 0.98678
0.469036 -0.882921 0.0215292 6.96495 0.883159 0.469083 -0.00277034 12.9643 -0.00765272 0.0203156 0.999776 1.01345
0.470039 -0.88249 0.0167607 7.48814 0.882654 0.469917 -0.0105495 13.962 0.00143387 0.0197542 0.999812 1.0532
0.470626 -0.882158 0.0175712 7.85934 0.882343 0.470613 -0.00557624 14.6394 -0.00334979 0.0181275 0.999849 1.08519
0.470475 -0.882279 0.0163455 8.40134 0.88242 0.470434 -0.00556978 15.6553 -0.00277351 0.0170463 0.999868 1.12278
0.469499 -0.882672 0.0214734 8.84561 0.882893 0.469573 -0.00176004 16.4967 -0.0085296 0.0197845 0.999769 1.13569
0.468527 -0.882833 0.034139 9.19247 0.883331 0.468759 -0.000111224 17.1365 -0.0159075 0.0302054 0.999459 1.13022
0.467333 -0.883188 0.0397624 9.76268 0.884031 0.467345 -0.00980221 18.1958 -0.0099247 0.0397313 0.999172 1.12042
0.466248 -0.883789 0.0391217 10.2079 0.884625 0.466136 -0.0125066 19.0303 -0.00718283 0.0404393 0.999157 1.10616
0.464924 -0.884676 0.0347341 10.6011 0.885322 0.464893 -0.00985865 19.7772 -0.00742434 0.0353337 0.999363 1.10127
0.463394 -0.885769 0.0271326 11.1635 0.886168 0.463217 -0.011914 20.848 -0.00201469 0.0295654 0.999592 1.10843
0.462679 -0.886087 0.0279443 11.544 0.886498 0.462738 -0.00465742 21.5727 -0.00880401 0.0269274 0.999613 1.11008
0.461477 -0.886816 0.0246186 12.1095 0.887146 0.46147 -0.00593741 22.6633 -0.00609543 0.0245798 0.999692 1.10992
0.460536 -0.887213 0.0276717 12.4682 0.887559 0.460728 0.000881717 23.373 -0.0135313 0.0241529 0.999635 1.10152
0.460184 -0.887405 0.0273494 13.0082 0.887726 0.460377 0.00105158 24.4359 -0.0135245 0.0237941 0.999631 1.09794
0.459627 -0.887702 0.0270733 13.4421 0.887947 0.459916 0.00532359 25.3012 -0.0171774 0.0215926 0.999621 1.08973
0.4597 -0.887616 0.0286453 13.8486 0.887843 0.460077 0.00813176 26.1061 -0.0203962 0.0216951 0.999561 1.07474
0.460029 -0.887411 0.0296213 14.3875 0.887792 0.460282 0.00139325 27.1549 -0.0148676 0.0256531 0.999579 1.05857
0.460313 -0.887356 0.0266535 14.8425 0.887702 0.46042 -0.00238688 28.0527 -0.0101536 0.0247587 0.999645 1.04341
0.459759 -0.88765 0.026452 15.2047 0.887942 0.459978 0.00242906 28.7618 -0.0143229 0.0223695 0.999661 1.03888
0.45827 -0.888498 0.0242336 16.2077 0.888896 0.458177 -0.00851456 30.7342 -0.00353756 0.0254344 0.99975 1.02862
0.45717 -0.888846 0.032175 16.5478 0.889329 0.457396 0.00259479 31.4049 -0.0170257 0.0274164 0.999584 1.02421
0.456994 -0.889127 0.0248278 17.0894 0.889449 0.457028 -0.00429561 32.4813 -0.00752807 0.0240441 0.999692 1.01612
0.456666 -0.889384 0.0214027 17.4463 0.889598 0.456766 -0.00094525 33.1813 -0.00893528 0.0194714 0.999784 1.0246
0.456551 -0.889566 0.0164255 17.9931 0.889727 0.456501 -0.00508791 34.25 -0.00297328 0.016934 0.999886 1.04209
0.456223 -0.889608 0.0214782 18.4081 0.88983 0.456291 -0.00175899 35.0516 -0.00823552 0.0199144 0.99977 1.05937
0.456106 -0.889527 0.0268515 18.8268 0.889831 0.456294 0.00138247 35.8817 -0.0134816 0.0232634 0.999647 1.06182
0.455943 -0.889487 0.0305128 19.2521 0.889874 0.456206 0.00198899 36.7266 -0.0156893 0.0262456 0.999536 1.0567
0.45564 -0.889598 0.0317484 19.7155 0.890071 0.455819 -0.00174225 37.6149 -0.0129216 0.0290521 0.999496 1.05373
0.4547 -0.890075 0.0318779 20.1453 0.890539 0.454909 -0.000842607 38.4472 -0.0137511 0.0287715 0.999493 1.05673
0.453768 -0.890483 0.0337018 20.5294 0.890946 0.454109 0.00270471 39.1973 -0.0177123 0.0287987 0.999432 1.06813
0.45308 -0.890826 0.0342777 21.0663 0.89132 0.453388 0.00212462 40.2452 -0.0174347 0.0295878 0.999432 1.0823
0.452556 -0.890958 0.0373009 21.4561 0.891434 0.453098 0.00728508 41.018 -0.0233916 0.0299546 0.999282 1.08497
0.451876 -0.891234 0.0389466 21.8577 0.891785 0.452425 0.00603187 41.8235 -0.0229958 0.0320062 0.999228 1.07008
0.450781 -0.891975 0.0343187 22.3215 0.892548 0.450965 -0.00270646 42.7678 -0.0130622 0.0318506 0.999417 1.04696
0.449897 -0.892573 0.030095 22.6905 0.893039 0.449949 -0.00547335 43.5169 -0.00865562 0.0293383 0.999534 1.0392
0.449375 -0.893099 0.02116 23.1724 0.893357 0.449268 -0.00935497 44.5008 -0.00115237 0.0231042 0.999746 1.0433
0.448232 -0.893706 0.0194594 23.4934 0.893898 0.448313 -0.000647288 45.1607 -0.00814377 0.0176814 0.999829 1.05424
0.447351 -0.894198 0.0170128 24.3505 0.894443 0.447289 -0.00999195 46.9015 0.00133637 0.0196657 0.999902 1.05367
0.444753 -0.895418 0.0211726 24.6567 0.895669 0.444861 0.00184755 47.5168 -0.011072 0.0181192 0.999848 1.05041
0.443081 -0.89622 0.0216879 25.0152 0.896376 0.443273 0.00492692 48.242 -0.0140294 0.0172562 0.999756 1.05412
0.441955 -0.896791 0.0210131 25.4313 0.896961 0.442108 0.00303474 49.0988 -0.0120113 0.0175056 0.999778 1.05793
0.440965 -0.897287 0.0206617 25.7992 0.897461 0.441092 0.00186272 49.8537 -0.0107851 0.0177209 0.999787 1.06249
0.439905 -0.89784 0.0191775 26.1475 0.897966 0.440049 0.00389496 50.5884 -0.0119363 0.0155071 0.999809 1.06931
0.438468 -0.898553 0.0186688 26.4668 0.89859 0.438688 0.00964925 51.2661 -0.0168596 0.0125441 0.999781 1.07487
0.43673 -0.899412 0.018014 26.7916 0.899353 0.43699 0.0144025 51.9479 -0.0208252 0.00991024 0.999735 1.0747
0.435519 -0.900027 0.0167504 27.1313 0.899977 0.435743 0.0131326 52.6678 -0.0191178 0.00935534 0.999777 1.0649
0.434389 -0.900557 0.0179844 27.3859 0.900608 0.434576 0.00746686 53.2149 -0.0145415 0.0129535 0.999823 1.0537
0.433873 -0.90084 0.0155988 27.7597 0.900977 0.433868 -0.00444051 54.0147 -0.00276465 0.0159772 0.999879 1.04695
0.432947 -0.901316 0.0136911 27.9914 0.901418 0.432948 -0.00324172 54.5155 -0.00300506 0.0137438 0.999906 1.05798
0.432709 -0.901494 0.00914901 28.3383 0.901528 0.43272 -0.000827753 55.2561 -0.00321422 0.00860592 0.999964 1.07337
0.431391 -0.902118 0.009235 28.5809 0.902129 0.43145 0.00532257 55.7791 -0.00878507 0.00603285 0.99995 1.08657
0.43042 -0.902554 0.0117783 28.9004 0.902603 0.430475 0.00208599 56.4495 -0.00695229 0.00973292 0.999933 1.09137
0.430421 -0.902478 0.0166304 29.1482 0.902622 0.430418 -0.00412597 56.9587 -0.00343334 0.0167867 0.999857 1.09416
0.431683 -0.901826 0.0190047 29.4448 0.902018 0.431481 -0.0138831 57.5709 0.00432008 0.0231339 0.999725 1.09461
0.433927 -0.900769 0.0179995 29.6832 0.900929 0.433702 -0.0152131 58.074 0.00589647 0.022818 0.999724 1.10049
0.437411 -0.899152 0.014179 29.9068 0.899265 0.437332 -0.00897256 58.5473 0.00186352 0.0166783 0.999869 1.10566
0.442637 -0.896646 0.0106899 30.2113 0.896707 0.442565 -0.00763674 59.1682 0.00211645 0.0129659 0.999925 1.10944
0.446147 -0.894829 0.015444 30.3951 0.894958 0.446186 -0.00081591 59.5132 -0.00616145 0.0141904 0.999898 1.11346
0.453656 -0.890962 0.0197739 30.6947 0.891138 0.453736 -0.000198911 60.09 -0.00879458 0.017712 0.99981 1.12269
0.46257 -0.88632 0.0217119 30.925 0.886515 0.462698 0.00109209 60.5591 -0.0110143 0.0187426 0.999766 1.11785
0.474785 -0.879861 0.0209481 31.1357 0.880011 0.474947 0.00353936 60.9645 -0.0130583 0.0167593 0.999779 1.11043
0.490924 -0.871024 0.0176776 31.387 0.871104 0.491075 0.00511762 61.4317 -0.0131366 0.0128861 0.999833 1.10122
0.510934 -0.859453 0.0191838 31.6042 0.859526 0.511123 0.00663605 61.7638 -0.0154933 0.0131136 0.999797 1.09497
0.538235 -0.842508 0.0220729 31.9199 0.842701 0.538401 0.00163917 62.2306 -0.0132604 0.017711 0.999765 1.08781
0.562129 -0.826719 0.0251603 32.1201 0.826914 0.562394 0.00454151 62.5024 -0.0179083 0.0182816 0.999678 1.08491
0.591675 -0.805769 0.0257764 32.4045 0.805947 0.591971 0.0051813 62.8855 -0.0194353 0.0177063 0.999655 1.08513
0.620422 -0.78385 0.0262337 32.6461 0.78399 0.620762 0.00685834 63.1904 -0.0216648 0.0163149 0.999633 1.08538
0.654358 -0.755763 0.0252734 32.9488 0.755879 0.654678 0.00662395 63.5456 -0.0215522 0.0147688 0.999659 1.08249
0.728715 -0.684428 0.0232739 33.5809 0.684588 0.728951 0.00195852 64.1401 -0.0182955 0.0144955 0.99974 1.07374
0.761008 -0.648393 0.0260769 33.8312 0.648498 0.761344 0.00611807 64.3178 -0.0238289 0.0123453 0.999661 1.07055
0.80178 -0.597183 0.0233664 34.2417 0.597261 0.802052 0.00425865 64.5816 -0.0212856 0.0105443 0.999718 1.06421
0.835661 -0.548759 0.0232497 34.5711 0.548815 0.835935 0.00453856 64.7552 -0.021926 0.00897052 0.999721 1.05556
0.900081 -0.435195 0.0217284 35.2792 0.435256 0.900311 0.00213742 65.0581 -0.0204936 0.00753824 0.999763 1.03249
0.925072 -0.379298 0.0232969 35.588 0.379354 0.925339 0.00225557 65.1579 -0.0224178 0.00678382 0.999729 1.02087
0.949488 -0.313201 0.0222322 36.0419 0.313237 0.949733 0.00191841 65.281 -0.0217059 0.00515636 0.999752 1.01152
0.966061 -0.257094 0.0253871 36.3775 0.257074 0.96639 0.0041896 65.3617 -0.0256124 0.0024866 0.999671 0.999881
0.980539 -0.194558 0.026405 36.7763 0.19447 0.980894 0.00590026 65.4372 -0.0270467 -0.000650737 0.999634 0.988349
0.99009 -0.137821 0.0282104 37.1113 0.137744 0.99049 0.00468016 65.4807 -0.028585 -0.000732531 0.999593 0.9765
0.996762 -0.0758294 0.0271798 37.5501 0.0758115 0.997134 0.00168259 65.5114 -0.0272201 0.000383541 0.999631 0.962611
0.999556 -0.0189942 0.0246138 37.9691 0.0189773 0.999858 0.000920222 65.5233 -0.0246257 -0.000442345 0.999697 0.954859
0.999164 0.0324924 0.0248832 38.3228 -0.0325785 0.999467 0.00298406 65.5254 -0.0247751 -0.00379426 0.999688 0.952636
0.996343 0.0814757 0.0260854 38.6614 -0.0816429 0.996653 0.00541557 65.5123 -0.0255572 -0.00751683 0.999648 0.949356
0.991303 0.13001 0.0217523 39.065 -0.130091 0.991525 0.00238636 65.4616 -0.0212612 -0.0051792 0.999763 0.926683
0.985186 0.17004 0.0224086 39.4211 -0.169922 0.985437 -0.00697169 65.3781 -0.0232628 0.00305817 0.999728 0.887663
0.978549 0.204481 0.0257765 39.7375 -0.204253 0.978876 -0.0107859 65.304 -0.0274565 0.00530209 0.999621 0.852276
0.970427 0.239926 0.0266421 40.1289 -0.23975 0.970793 -0.00951692 65.2136 -0.0281471 0.00284797 0.999606 0.830184
0.961903 0.272548 0.0227116 40.5637 -0.272561 0.962167 -0.00247264 65.1106 -0.0225478 -0.00380842 0.999743 0.836719
0.954547 0.297153 0.0234411 40.8679 -0.297275 0.954798 0.00156203 65.0271 -0.0219114 -0.00845325 0.99973 0.856863
0.945656 0.324719 0.0182737 41.3217 -0.324845 0.945775 0.00455629 64.881 -0.0158138 -0.0102307 0.999827 0.873337
0.938481 0.344931 0.0169514 41.628 -0.345009 0.938603 0.00176367 64.7755 -0.0152999 -0.00749931 0.999856 0.876235
0.92999 0.367458 0.0100726 42.0918 -0.367461 0.930044 -0.00133543 64.6037 -0.00985236 -0.00246142 0.999952 0.86179
0.923508 0.383556 0.00494424 42.44 -0.383548 0.923518 -0.00250956 64.4665 -0.00552936 0.000423676 0.999987 0.853524
0.91583 0.401583 -0.000910245 42.9217 -0.401582 0.915829 -0.000456283 64.2519 0.000647267 0.000786998 1 0.867892
0.902924 0.429738 0.00730215 43.7603 -0.429752 0.902947 0.000362787 63.8407 -0.00643764 -0.00346595 0.999973 0.902251
0.897521 0.440772 0.0145818 44.125 -0.44081 0.897604 0.000452283 63.645 -0.0128964 -0.00682535 0.999912 0.902843
0.891133 0.453604 0.0117939 44.6924 -0.453652 0.891192 0.00043823 63.3398 -0.0103051 -0.0057297 0.999942 0.897416
0.887067 0.461456 0.0134764 45.0254 -0.461458 0.88716 -0.00349219 63.1583 -0.0135659 -0.0031138 0.999909 0.886823
0.882623 0.469979 0.00990439 45.5628 -0.469932 0.882678 -0.00670656 62.865 -0.0118955 0.00126553 0.99993 0.877154
0.879653 0.475538 0.00863929 46.0166 -0.475473 0.879688 -0.00860078 62.6155 -0.0116899 0.00345796 0.999926 0.865015
0.876896 0.480651 0.00558252 46.6005 -0.480626 0.876912 -0.00618045 62.2935 -0.00786287 0.0027399 0.999973 0.852754
0.874248 0.485429 0.00773544 47.0774 -0.485415 0.874288 -0.002521 62.0301 -0.00798575 -0.00155116 0.999979 0.838743
0.872121 0.489175 0.0115875 47.5369 -0.48919 0.872183 -0.000233556 61.7762 -0.0102215 -0.00546437 0.999949 0.821844
0.870127 0.492723 0.0101013 48.1949 -0.492777 0.870166 0.00266768 61.412 -0.00747353 -0.00729778 0.999958 0.799528
0.868958 0.494754 0.0116119 48.669 -0.494791 0.869013 0.000167459 61.1513 -0.0100081 -0.00589114 0.999936 0.776682
0.867417 0.497563 0.00657828 49.395 -0.497586 0.867418 0.000993612 60.7509 -0.00521181 -0.00413253 0.999993 0.755839
0.866712 0.498759 0.00743879 49.8902 -0.498748 0.866741 -0.00384725 60.4655 -0.00836629 -0.00037528 0.999969 0.740768
0.866987 0.498263 0.00852638 50.3942 -0.498209 0.867022 -0.0079111 60.1716 -0.0113343 0.00260926 0.999936 0.723325
0.868352 0.495944 0.00391783 51.1004 -0.495854 0.86831 -0.0131367 59.7659 -0.00992035 0.00946634 0.999913 0.704932
0.870515 0.492129 0.0043287 51.6759 -0.492019 0.870453 -0.0152627 59.4398 -0.0112784 0.0111536 0.999875 0.690993
0.872978 0.487759 0.00184429 52.4181 -0.487707 0.872921 -0.0129632 59.0252 -0.00793169 0.0104184 0.999924 0.680227
0.87523 0.483699 0.00300173 53.049 -0.483622 0.875175 -0.0134301 58.6729 -0.00912196 0.0103026 0.999907 0.67449
0.877066 0.480361 0.00307955 53.744 -0.480275 0.877 -0.0143991 58.2901 -0.00961739 0.0111494 0.999892 0.668864
0.878753 0.477235 0.00640376 54.4143 -0.477118 0.878727 -0.0140588 57.935 -0.0123367 0.00929914 0.999881 0.653304
0.880499 0.47395 0.00970329 55.0498 -0.473807 0.880518 -0.0139794 57.6085 -0.0151695 0.007711 0.999856 0.63377
0.882633 0.470078 0.00496651 55.9191 -0.469993 0.882592 -0.0117706 57.1676 -0.0099141 0.00804947 0.999938 0.614557
0.884321 0.466869 0.00324342 56.5772 -0.466788 0.884273 -0.0139678 56.824 -0.00938931 0.0108379 0.99991 0.602239
0.885277 0.465049 0.00549247 57.157 -0.464963 0.88524 -0.0130328 56.5142 -0.0109233 0.00898277 0.999913 0.588839
0.885276 0.465062 0.00215896 58.0387 -0.465059 0.88528 -0.00355575 56.0633 -0.00356747 0.00214148 0.999998 0.582027
0.884937 0.465691 0.00499904 58.777 -0.465703 0.884944 0.00295407 55.6981 -0.00305269 -0.00494185 0.999992 0.591127
0.884705 0.466062 0.00918532 59.4739 -0.466112 0.884715 0.00430048 55.3521 -0.00612242 -0.00808548 0.999949 0.602829
0.884777 0.46597 0.00723329 60.2101 -0.465984 0.884796 0.00149565 54.9738 -0.00570318 -0.00469386 0.999981 0.605124
0.885064 0.465372 0.00951838 60.8891 -0.465408 0.885095 0.00177511 54.6214 -0.00759864 -0.00600136 0.999954 0.605847
0.885173 0.465076 0.0135083 61.4532 -0.465129 0.885246 0.000471542 54.3258 -0.0117389 -0.00670099 0.999916 0.601682
0.885249 0.465078 0.00849993 62.4088 -0.465101 0.885254 0.00263649 53.8323 -0.00629723 -0.00628908 0.999978 0.595682
0.884818 0.46578 0.0126227 62.9629 -0.465849 0.884863 0.0026067 53.5453 -0.0099552 -0.00818455 0.999926 0.592018
0.883956 0.467493 0.00956127 63.8854 -0.467563 0.883932 0.00716008 53.0726 -0.00510464 -0.010798 0.999939 0.592532
0.882481 0.470179 0.0126518 64.586 -0.470302 0.882453 0.00967389 52.7145 -0.00661611 -0.0144873 0.999874 0.599952
0.879807 0.475052 0.0163287 65.3368 -0.475269 0.879737 0.0138505 52.3295 -0.00778823 -0.0199473 0.999776 0.61081
0.877015 0.479931 0.0231847 65.9045 -0.480289 0.877009 0.013491 52.0283 -0.0138613 -0.0229584 0.999652 0.618008
0.873439 0.486738 0.0164463 66.8536 -0.486944 0.87331 0.0148241 51.5204 -0.00715602 -0.0209408 0.999793 0.631829
0.869826 0.492927 0.0213586 67.3204 -0.493219 0.869884 0.00910417 51.2604 -0.0140838 -0.018434 0.999763 0.631136
0.8643 0.502697 0.0171194 68.1809 -0.502868 0.864326 0.00811988 50.7808 -0.010716 -0.015626 0.999827 0.628622
0.859308 0.511046 0.0210919 68.7494 -0.511278 0.859387 0.0074544 50.4522 -0.0143207 -0.0171803 0.999758 0.626913
0.852831 0.521946 0.0169216 69.6303 -0.522189 0.852756 0.0126504 49.9306 -0.00782401 -0.0196114 0.999809 0.627885
0.847158 0.530905 0.0220809 70.2022 -0.531213 0.847157 0.0117882 49.5707 -0.0124504 -0.0217111 0.999698 0.630922
0.84123 0.540068 0.0261009 70.7583 -0.54043 0.841351 0.00877191 49.2075 -0.0172224 -0.021472 0.999633 0.632028
0.8346 0.550432 0.0219808 71.561 -0.550704 0.834654 0.00900662 48.6791 -0.0133924 -0.019617 0.999725 0.626113
0.829085 0.558614 0.0239795 72.1295 -0.558914 0.829192 0.00770001 48.2934 -0.0155822 -0.0197844 0.999688 0.61999
0.822923 0.56776 0.0212692 72.8736 -0.568083 0.82288 0.0133207 47.7879 -0.00993261 -0.0230368 0.999698 0.612447
0.817666 0.575167 0.0250653 73.375 -0.575548 0.817691 0.0115048 47.4426 -0.0138803 -0.0238254 0.999632 0.607761
0.812102 0.583112 0.0218124 74.024 -0.583394 0.812131 0.00989575 46.9793 -0.0119456 -0.0207611 0.999717 0.609362
0.806895 0.590283 0.0221083 74.5411 -0.590549 0.806969 0.00771759 46.6017 -0.0132833 -0.0192807 0.999728 0.615761
0.79259 0.609314 0.0232605 76.3873 -0.6095 0.792789 0.000888423 45.2226 -0.0178995 -0.0148822 0.999734 0.609179
0.790481 0.612325 0.0159112 77.0205 -0.612447 0.79053 0.00183614 44.7049 -0.0114543 -0.0111761 0.999911 0.600483
0.788782 0.614413 0.0180452 77.5239 -0.614473 0.788936 -0.00291931 44.2985 -0.0160304 -0.00878729 0.999838 0.591866
0.787396 0.616194 0.0176757 78.0962 -0.616222 0.78756 -0.00444056 43.8477 -0.016657 -0.00739556 0.999834 0.578439
0.786154 0.61771 0.0200889 78.5654 -0.617708 0.786378 -0.00727744 43.4849 -0.0202924 -0.00668475 0.999778 0.568423
0.786624 0.617157 0.0184435 79.0738 -0.617134 0.786822 -0.00757421 43.0908 -0.0191864 -0.00542378 0.999801 0.556334
0.788048 0.615366 0.0175198 79.5201 -0.615333 0.788229 -0.00784568 42.7383 -0.0186374 -0.00459791 0.999816 0.551732
0.79167 0.610881 0.0105553 80.1669 -0.610861 0.791721 -0.00559885 42.2321 -0.0117769 -0.00201609 0.999946 0.545255
0.795329 0.606049 0.0129568 80.484 -0.605986 0.795433 -0.00954192 41.9846 -0.0160932 -0.000273055 0.999883 0.553011
0.803151 0.595812 0.004825 81.0966 -0.595746 0.803128 -0.00862398 41.5277 -0.00900821 0.00404458 0.999984 0.565498
0.808727 0.588168 0.00503593 81.3875 -0.588057 0.808705 -0.0155122 41.3226 -0.0132103 0.00957285 0.999892 0.58554
0.819336 0.573366 -0.00309436 81.96 -0.573291 0.819181 -0.0173416 40.9321 -0.00738537 0.0159684 0.999881 0.607686
0.830203 0.557432 -0.00575259 82.358 -0.557436 0.830029 -0.0179615 40.6846 -0.00523766 0.0181184 0.999826 0.625747
0.842806 0.538182 -0.00627582 82.7718 -0.538206 0.842641 -0.0171339 40.4398 -0.00393333 0.0178173 0.999835 0.642249
0.855787 0.517357 -0.00426638 83.1263 -0.517352 0.855642 -0.016274 40.2378 -0.00476242 0.0161173 0.999862 0.656964
0.8733 0.487201 -0.00397777 83.7195 -0.487214 0.873234 -0.0114617 39.9172 -0.00213028 0.0119389 0.999933 0.678424
0.889237 0.457448 -0.000976913 84.1796 -0.457431 0.889187 -0.0103764 39.6934 -0.00388001 0.0096742 0.999948 0.693812
0.908597 0.417681 0.000495004 84.6732 -0.417656 0.908549 -0.0102955 39.4989 -0.0047496 0.00915111 0.99995 0.705099
0.925004 0.380158 0.00510451 85.0293 -0.380075 0.924966 -0.0127686 39.3856 -0.00959147 0.00984101 0.999909 0.70512
0.944877 0.32755 0.00595824 85.6657 -0.327504 0.944852 -0.00907642 39.2187 -0.00860832 0.00656351 0.999965 0.711315
0.958064 0.28659 0.0119838 86.0125 -0.286495 0.958118 -0.00924385 39.1665 -0.0141325 0.0053772 0.999892 0.707474
0.974137 0.226012 0.00936658 86.6407 -0.225934 0.974151 -0.00827815 39.0871 -0.0109807 0.00590024 0.999936 0.703879
0.984653 0.174728 0.00941144 87.0181 -0.174616 0.984651 -0.0117201 39.074 -0.0113393 0.00988635 0.999889 0.702822
0.994985 0.100707 0.000323143 87.6459 -0.100683 0.994851 -0.0156717 39.0616 -0.00188211 0.015506 0.999892 0.710256
0.999325 0.0407782 -0.00134163 87.9957 -0.0407976 0.99915 -0.018764 39.0797 0.000550983 0.0187827 0.999825 0.723165
0.999189 -0.0407836 -0.0100474 88.6097 0.0405881 0.999064 -0.0188471 39.1443 0.0108006 0.0183833 0.999778 0.743863
0.994077 -0.108046 -0.0118002 89.0306 0.107842 0.994028 -0.0167633 39.2305 0.0135423 0.0153904 0.99979 0.763618
0.98531 -0.17156 -0.0106912 89.368 0.171385 0.985271 -0.0158139 39.3253 0.0132628 0.0137024 0.999821 0.774251
0.967946 -0.251086 -0.0143292 89.9525 0.250824 0.96795 -0.0176851 39.5234 0.0182913 0.0134752 0.99975 0.789287
0.951505 -0.308023 -0.0081226 90.2671 0.307856 0.951432 -0.0172406 39.6604 0.013034 0.0138383 0.999826 0.796962
0.923912 -0.382877 -0.00558822 90.8344 0.382744 0.923805 -0.0173969 39.9392 0.0118209 0.0138392 0.999855 0.81319
0.896685 -0.442682 0.00129128 91.2484 0.442654 0.896587 -0.0142198 40.18 0.00513767 0.0133248 0.999898 0.815101
0.871157 -0.49139 0.0094271 91.5264 0.491476 0.871099 -0.00959722 40.3577 -0.0034931 0.0128732 0.999926 0.808947
0.832827 -0.553402 0.0128894 92.0347 0.553503 0.832836 -0.00578539 40.7178 -0.00753399 0.0119407 0.999906 0.802979
0.805754 -0.592144 0.0146568 92.326 0.592221 0.80583 -0.0011356 40.9365 -0.0111287 0.00958513 0.999893 0.796715
0.773759 -0.633479 0.00985513 92.7686 0.633528 0.773795 0.000733473 41.2906 -0.00806944 0.00561497 0.999977 0.795369
0.752444 -0.658618 0.00901939 93.0184 0.658593 0.752496 0.00633791 41.4824 -0.0109543 0.00115542 0.999944 0.798904
0.734459 -0.678832 0.00565199 93.4288 0.678809 0.734483 0.00589253 41.8495 -0.00811864 -0.000515174 0.99997 0.783859
0.722927 -0.690885 0.00900503 93.7084 0.690866 0.722977 0.0058657 42.103 -0.0105616 0.00199447 0.999946 0.784329
0.70955 -0.704581 0.0111819 94.0956 0.704598 0.709614 0.00296074 42.475 -0.0100247 0.00577461 0.999934 0.79689
0.701283 -0.712804 0.0109523 94.4388 0.712825 0.701343 0.00247203 42.7924 -0.00944095 0.0060721 0.999937 0.824225
0.69471 -0.719286 0.00509114 94.8142 0.719274 0.694726 0.00442062 43.182 -0.00671891 0.000581032 0.99998 0.846442
0.690805 -0.723036 0.00304445 95.0834 0.722985 0.690793 0.0104745 43.4805 -0.00967734 -0.00503271 0.999947 0.866005
0.687458 -0.726217 -0.00384558 95.5083 0.726209 0.6874 0.0105746 43.9618 -0.00503157 -0.0100638 0.999942 0.892905
0.686748 -0.726884 -0.00467216 95.7811 0.726885 0.686686 0.0100756 44.2702 -0.00411454 -0.010315 0.999941 0.918661
0.687556 -0.726095 -0.0072526 96.2308 0.726135 0.687558 0.00322447 44.7604 0.00264565 -0.00748383 0.999978 0.957389
0.690295 -0.72353 -0.00424284 96.5295 0.723537 0.690288 0.000805867 45.0721 0.00234897 -0.00361977 1 0.979234
0.694003 -0.719941 -0.00668509 97.0244 0.719906 0.694036 -0.007075 45.5851 0.00973319 9.74219e-05 0.999953 1.01459
0.69715 -0.716892 -0.00721593 97.3283 0.716899 0.697181 -0.00305933 45.8988 0.00722178 -0.00303477 0.999977 1.03659
0.700942 -0.713109 -0.0131975 97.8494 0.713178 0.700995 -0.00034252 46.4424 0.00949581 -0.00916346 0.999928 1.07341
0.708501 -0.705679 -0.0075775 98.709 0.70571 0.708432 0.0128449 47.3096 -0.00370798 -0.0144433 0.999927 1.12134
0.711554 -0.702612 -0.00708413 99.1609 0.702568 0.711339 0.0206429 47.7738 -0.00946752 -0.0196654 0.999788 1.11371
0.713683 -0.70046 -0.00342059 99.6044 0.700346 0.713458 0.022377 48.2027 -0.0132336 -0.0183658 0.999748 1.09834
0.714595 -0.699545 0.00140488 99.9588 0.699356 0.714435 0.0221134 48.5367 -0.0164727 -0.0148182 0.999763 1.07761
0.714359 -0.69978 -0.00386471 100.59 0.69978 0.714279 0.0111502 49.1441 -0.00504195 -0.0106671 0.999944 1.06863
0.713911 -0.700198 -0.00743753 101.062 0.700231 0.713913 0.00342191 49.6043 0.00291375 -0.00765093 0.99997 1.0577
0.712547 -0.701572 -0.00884218 101.472 0.701618 0.712547 0.00333427 50.0191 0.00396089 -0.0085819 0.999959 1.051
0.709976 -0.704162 -0.00956577 102.013 0.704227 0.709957 0.00614229 50.5601 0.00246878 -0.0111001 0.999941 1.04782
0.708155 -0.70602 -0.00773764 102.548 0.706053 0.708072 0.0114076 51.0954 -0.0025733 -0.0135415 0.999911 1.0563
0.7047 -0.709496 -0.00572737 103.632 0.709455 0.704501 0.0187899 52.1794 -0.00929479 -0.0173019 0.999817 1.06795
0.70226 -0.711798 -0.0133677 104.226 0.711951 0.702148 0.0129995 52.7999 0.000129378 -0.0186398 0.999855 1.06592
0.701017 -0.713075 -0.0113923 104.617 0.713161 0.700881 0.0130276 53.2188 -0.00130353 -0.0172545 0.999867 1.0691
0.69838 -0.715543 -0.016367 105.228 0.715716 0.698317 0.0103464 53.8651 0.00402326 -0.01894 0.999815 1.07199
0.696253 -0.717599 -0.01684 105.687 0.717803 0.696121 0.0143741 54.3611 0.00140753 -0.0220956 0.999771 1.07441
0.693552 -0.720271 -0.0140253 106.315 0.720407 0.693417 0.013687 55.0162 -0.000133377 -0.0195966 0.999808 1.08734
0.691284 -0.722511 -0.0102709 106.836 0.722575 0.691125 0.0153448 55.5537 -0.00398798 -0.0180306 0.999831 1.09863
0.689799 -0.723939 -0.0104551 107.544 0.724034 0.689707 0.0103375 56.282 -0.000272632 -0.014702 0.999916 1.11616
0.689404 -0.724396 -0.00214541 107.958 0.724363 0.689306 0.0129554 56.708 -0.00790584 -0.010485 0.999937 1.12472
0.68838 -0.725353 -0.0018622 108.651 0.725339 0.688328 0.00994968 57.4432 -0.00593542 -0.00819682 0.999958 1.12842
0.688253 -0.725491 0.00266464 109.096 0.725417 0.688229 0.0105689 57.9242 -0.00950165 -0.0053412 0.99996 1.12263
0.6888 -0.724953 -0.00174639 109.754 0.724947 0.688797 0.00666251 58.6418 -0.00362554 -0.0058559 0.999996 1.11506
0.689964 -0.723771 -0.0103559 110.351 0.723847 0.689932 0.00697703 59.2934 0.00209605 -0.0123126 0.999927 1.11357
0.691875 -0.721836 -0.0163771 110.768 0.722038 0.691595 0.0225673 59.7419 -0.00497853 -0.0274277 0.999689 1.10873
0.694729 -0.718857 -0.0250108 111.457 0.719257 0.694054 0.0310539 60.485 -0.00496574 -0.0395637 0.999222 1.10729
0.696589 -0.717015 -0.0255712 111.972 0.717433 0.695731 0.0354321 61.0324 -0.00761519 -0.0430265 0.999048 1.1052
0.697679 -0.715904 -0.0269818 112.698 0.716433 0.697222 0.0258268 61.8075 0.000314383 -0.037341 0.999333 1.11407
0.698742 -0.71518 -0.0178924 113.16 0.715378 0.698288 0.0251488 62.2801 -0.00549067 -0.03037 0.999547 1.12371
0.699085 -0.714844 -0.0175616 113.932 0.715061 0.698862 0.0168974 63.0587 0.000194876 -0.0243682 0.999721 1.14278
0.699698 -0.714338 -0.012394 114.383 0.714441 0.699434 0.0197967 63.5104 -0.00547289 -0.0227059 0.999745 1.15139
0.700525 -0.713454 -0.0163162 115.16 0.713644 0.700261 0.0188766 64.2998 -0.00204164 -0.0248651 0.999703 1.16286
0.701659 -0.712372 -0.0142248 115.712 0.712461 0.701212 0.0265835 64.8692 -0.00896301 -0.028786 0.999549 1.16376
0.702325 -0.711805 -0.00956248 116.171 0.711626 0.701628 0.036522 65.3464 -0.0192874 -0.0324538 0.99931 1.16136
0.703172 -0.710913 -0.0123119 116.908 0.710924 0.702657 0.0301663 66.106 -0.0127946 -0.0299648 0.999494 1.15384
0.7034 -0.71068 -0.0129384 117.386 0.710771 0.703117 0.0208553 66.5922 -0.00572476 -0.0238659 0.999703 1.13933
0.701974 -0.711799 -0.0277932 118.726 0.71205 0.702145 -0.000441998 67.936 0.0198326 -0.0194737 0.999724 1.1461
0.701823 -0.712345 -0.0107063 119.177 0.71251 0.701539 0.017987 68.3911 -0.00530211 -0.0202514 0.999909 1.15179
0.699461 -0.714594 0.010927 120.414 0.713957 0.699373 0.0340143 69.6715 -0.0319517 -0.0159899 0.999372 1.15953
0.698642 -0.715461 -0.00472734 121.076 0.715386 0.698407 0.0218005 70.3746 -0.0122957 -0.0186129 0.999767 1.12177
0.698103 -0.715913 -0.0110508 121.508 0.715974 0.697868 0.0191553 70.8239 -0.00600212 -0.021284 0.999758 1.11059
0.696779 -0.717002 -0.0228993 122.241 0.717289 0.696775 0.00605724 71.5876 0.0116105 -0.0206527 0.999795 1.10806
0.695196 -0.718659 -0.0162089 122.63 0.718849 0.695096 0.0110042 71.9823 0.00335789 -0.019308 0.999834 1.11344
0.69181 -0.722017 -0.0107613 123.341 0.722077 0.691781 0.00731416 72.7393 0.00216166 -0.0128309 0.999933 1.12995
0.688915 -0.724852 -0.0051534 123.752 0.724871 0.688812 0.0111407 73.1782 -0.00452715 -0.0114196 0.999955 1.14339
0.685952 -0.727549 -0.0127781 124.435 0.727656 0.685833 0.0122918 73.9134 -0.00018178 -0.0177329 0.999853 1.15282
0.684114 -0.729186 -0.016608 124.952 0.729377 0.683875 0.0182076 74.4976 -0.0019189 -0.0245697 0.9997 1.16198
0.68306 -0.730171 -0.016776 125.481 0.730347 0.682701 0.022677 75.0831 -0.00510501 -0.0277413 0.999604 1.16264
0.68213 -0.731103 -0.0137968 125.974 0.73115 0.681631 0.0284271 75.6138 -0.0113789 -0.0294783 0.999506 1.16185
0.68083 -0.732308 -0.0145062 126.662 0.732383 0.680343 0.0274586 76.3483 -0.0102388 -0.029318 0.999528 1.15862
0.679021 -0.734011 -0.0126959 127.119 0.734073 0.678685 0.0230318 76.8362 -0.00829148 -0.0249582 0.999658 1.16418
0.675866 -0.736859 -0.0162656 127.81 0.737058 0.675798 0.00944439 77.5815 0.00403395 -0.0183778 0.999856 1.17629
0.671764 -0.740686 -0.0115858 128.186 0.74079 0.671667 0.0108267 78.0019 -0.000236766 -0.0158668 0.999891 1.18356
0.665868 -0.745985 -0.0116059 128.808 0.746073 0.665784 0.0103332 78.7081 1.86255e-05 -0.0155394 0.999884 1.18902
0.661304 -0.750089 -0.00673492 129.257 0.750071 0.661117 0.0184417 79.2324 -0.00937754 -0.0172518 0.999818 1.17746
0.65694 -0.753943 0.000946643 129.886 0.753686 0.656749 0.0252676 79.9565 -0.0196724 -0.015886 0.999681 1.18099
0.653956 -0.756531 0.00242601 130.41 0.756143 0.653723 0.0300722 80.5691 -0.0243345 -0.0178323 0.999551 1.17075
0.650571 -0.759451 0.00173695 130.923 0.759105 0.650349 0.0284414 81.1801 -0.0227286 -0.0171844 0.999602 1.15128
0.646296 -0.763093 0.0012832 131.299 0.76282 0.646104 0.0256635 81.6377 -0.020415 -0.0156116 0.999675 1.13611
0.635119 -0.772405 -0.00450541 132.367 0.772348 0.634986 0.0170256 82.9655 -0.0102846 -0.0142952 0.999857 1.11721
0.628316 -0.777858 -0.0155652 132.975 0.778058 0.628099 0.0138082 83.756 -0.000965577 -0.0207945 0.999863 1.11123
0.623188 -0.781973 -0.0135449 133.365 0.782058 0.622846 0.0217536 84.2664 -0.00857543 -0.024157 0.999697 1.09951
0.614766 -0.788462 -0.0198258 133.964 0.788714 0.614549 0.0165999 85.0695 -0.000900513 -0.0258455 0.999673 1.08967
0.595948 -0.802988 -0.0114346 135.342 0.802989 0.595426 0.0283108 86.9218 -0.0159249 -0.0260658 0.999633 1.08992
0.587169 -0.809245 -0.0228551 135.946 0.809765 0.586688 0.0201305 87.7686 -0.00288163 -0.0303418 0.999783 1.09232
0.576663 -0.817045 -0.0076219 136.741 0.816752 0.575872 0.0387237 88.8894 -0.0272524 -0.0285828 0.999404 1.08532
0.569208 -0.822107 -0.0121139 137.733 0.821891 0.56853 0.0356648 90.3401 -0.0224338 -0.0302591 0.999293 1.06697
0.563897 -0.825369 -0.0282011 138.678 0.825884 0.563423 0.0233166 91.7479 -0.00335251 -0.0364501 0.99937 1.05469
0.560958 -0.827106 -0.035765 139.209 0.827911 0.560674 0.0172159 92.535 0.0058126 -0.0392745 0.999284 1.06297
0.559202 -0.828438 -0.0314962 139.55 0.829037 0.558375 0.0315725 93.0472 -0.00856823 -0.04377 0.99905 1.07018
0.556253 -0.830461 -0.0304727 140.11 0.830866 0.555048 0.0399017 93.8943 -0.016223 -0.047514 0.998749 1.06857
0.552745 -0.833067 -0.0228484 140.443 0.832985 0.551356 0.0467434 94.3889 -0.0263456 -0.0448809 0.998689 1.05625
0.54775 -0.836448 -0.0180679 141.011 0.836424 0.546984 0.0347309 95.2361 -0.0191682 -0.0341349 0.999235 1.0207
0.542252 -0.840103 -0.014082 141.397 0.840105 0.54183 0.0253718 95.8295 -0.0136867 -0.025589 0.999583 1.01167
0.537094 -0.843342 -0.0177277 141.772 0.843405 0.536556 0.0280999 96.44 -0.0141823 -0.0300451 0.999459 1.01003
0.530197 -0.847642 -0.0203432 142.307 0.847762 0.529542 0.0298459 97.323 -0.0145279 -0.0330739 0.999361 1.00122
0.523718 -0.85181 -0.0120703 142.731 0.851653 0.523181 0.0311338 98.013 -0.0202056 -0.0265852 0.999445 1.00249
0.512322 -0.858788 0.00336253 143.64 0.858648 0.512324 0.0185415 99.5084 -0.0176425 -0.00661651 0.999871 0.986408
0.508253 -0.861158 0.013164 143.936 0.860881 0.508361 0.0222153 99.9994 -0.025828 3.09572e-05 0.99973 0.983654
0.502153 -0.864672 0.0135935 144.435 0.864684 0.502277 0.0074102 100.844 -0.0132333 0.00803025 0.999888 0.971185
0.49733 -0.8675 0.0117132 144.832 0.867539 0.497388 0.000625553 101.481 -0.00636991 0.00985074 0.999956 0.968192
0.491091 -0.87128 -0.000949085 145.376 0.871168 0.490992 0.000112432 102.414 0.000338953 -0.000902683 1.00015 0.970599
0.487519 -0.873111 -0.00202603 145.663 0.873023 0.48744 0.0192448 102.931 -0.0158111 -0.0111571 0.999882 0.964624
0.481752 -0.876313 -0.000471754 146.172 0.875972 0.481575 0.0284555 103.879 -0.0247088 -0.0141217 0.999626 0.963346
0.478109 -0.878306 0.00631579 146.469 0.877685 0.477986 0.034935 104.454 -0.0337062 -0.0111663 0.999405 0.956694
0.475876 -0.879517 -0.00118023 146.96 0.879324 0.475728 0.0222023 105.405 -0.0189662 -0.0116091 0.999767 0.92875
0.474835 -0.880049 -0.00697904 147.231 0.879974 0.474644 0.0189476 105.942 -0.0133615 -0.0151378 0.999798 0.920024
0.473361 -0.880716 -0.0164473 147.694 0.880877 0.473243 0.0107095 106.861 -0.00164714 -0.0195623 0.999815 0.918323
0.472133 -0.881436 -0.0127803 148.064 0.881521 0.472023 0.0107875 107.561 -0.00347702 -0.016359 0.999861 0.938767
0.471785 -0.881673 -0.00851598 148.449 0.88164 0.471598 0.017624 108.289 -0.0115234 -0.0158218 0.99981 0.956608
0.471253 -0.881978 -0.00603793 148.896 0.881831 0.471019 0.0228285 109.114 -0.0172911 -0.0160811 0.999723 0.960478
0.469794 -0.882795 0.000296529 149.244 0.882494 0.469631 0.0255759 109.774 -0.0227197 -0.0117559 0.99969 0.954423
0.468402 -0.883523 0.0042448 149.643 0.883334 0.468407 0.0180331 110.511 -0.0179194 -0.00469715 0.999848 0.940499
0.467101 -0.884187 0.00570855 150.108 0.884217 0.467094 -0.00280279 111.37 -0.000186685 0.00635172 0.999992 0.930143
0.465997 -0.884682 0.0146895 150.381 0.884797 0.465928 -0.00700919 111.86 -0.000643704 0.0162631 0.999886 0.939451
0.464989 -0.885382 0.00674054 150.919 0.885341 0.464771 -0.014082 112.868 0.00932757 0.0125053 0.999978 0.96741
0.463382 -0.88613 0.00712554 151.255 0.886174 0.463436 0.00381691 113.524 -0.00668136 0.00453981 1.00001 0.984699
0.461282 -0.887144 0.0172991 151.569 0.887106 0.461449 0.0106175 114.143 -0.017412 0.0104407 0.999847 1.00225
0.460118 -0.88758 0.0227692 152.067 0.887759 0.460346 0.00373987 115.132 -0.0137999 0.0184922 0.99977 1.01417
0.460228 -0.887627 0.0178604 152.386 0.887736 0.460351 0.00286003 115.776 -0.0107623 0.0145394 0.999844 1.00192
0.461187 -0.887299 0.00613792 152.842 0.887332 0.461144 -0.00415764 116.708 0.000856023 0.00735606 1 1.0016
0.461208 -0.887289 0.00259229 153.214 0.887294 0.461203 -0.00187301 117.443 0.000466278 0.00316308 0.999997 1.00781
0.460507 -0.887656 0.000836909 153.56 0.887646 0.460507 0.00503663 118.127 -0.00485589 -0.00157696 0.999991 1.01425
0.457365 -0.889328 0.00864339 154.611 0.889101 0.457285 0.0244192 120.229 -0.0256796 -0.00352498 0.999843 1.02552
0.457449 -0.889261 -0.00203561 155.049 0.8894 0.457387 0.00410877 121.118 -0.00272158 -0.00370899 1.00014 1.02656
0.456707 -0.889583 -0.0092598 155.402 0.889617 0.456687 0.00458569 121.845 0.000147187 -0.0103324 0.999961 1.0226
0.455552 -0.890179 -0.00771191 155.699 0.890206 0.455394 0.0163682 122.419 -0.0110574 -0.0143269 0.999898 1.01003
0.454181 -0.89093 -0.00291659 156.102 0.890753 0.453972 0.0224958 123.207 -0.0187211 -0.0128231 0.999783 1.01004
0.452648 -0.891732 0.00491102 156.472 0.891413 0.452605 0.0231082 123.928 -0.0228422 -0.00609007 0.999769 1.02814
0.451517 -0.892238 0.0100956 156.826 0.892049 0.451662 0.0169683 124.63 -0.0197149 0.00134746 0.999849 1.05548
0.452583 -0.891708 0.00551645 157.178 0.891666 0.452612 0.0104541 125.322 -0.0118188 0.000187473 0.999951 1.06376
0.453607 -0.89121 -0.00111028 157.497 0.891195 0.453578 0.00687817 125.98 -0.00562506 -0.00410706 0.999988 1.07396
0.454429 -0.890761 -0.00710219 157.81 0.890785 0.454397 0.00521484 126.607 -0.00141493 -0.00869366 0.999966 1.0758
0.45625 -0.889789 -0.0105808 158.115 0.88985 0.456242 0.00329823 127.215 0.00189262 -0.0109195 0.999939 1.07599
0.45971 -0.887962 -0.0138063 158.41 0.888062 0.459715 0.00302632 127.813 0.00365944 -0.0136514 0.999901 1.07715
0.46436 -0.885526 -0.0148726 158.702 0.885661 0.464317 0.00601405 128.402 0.00158022 -0.015957 0.999884 1.07524
0.470182 -0.882513 -0.0121451 158.996 0.882622 0.469978 0.0139759 128.964 -0.00662297 -0.0172638 0.999896 1.07144
0.475637 -0.879603 -0.0102603 159.297 0.879601 0.475329 0.021153 129.521 -0.0137278 -0.01907 0.999781 1.07463
0.481095 -0.876591 -0.0119629 159.593 0.876566 0.480761 0.0226516 130.075 -0.0141043 -0.0213795 0.999681 1.07527
0.486809 -0.873391 -0.0144737 159.893 0.873466 0.486557 0.0180629 130.631 -0.00873146 -0.0214364 0.999737 1.07829
0.493322 -0.869659 -0.0181515 160.199 0.869854 0.493205 0.0111678 131.194 -0.000755974 -0.0213026 0.999784 1.07999
0.506778 -0.861872 -0.0198086 160.822 0.862091 0.506674 0.00955551 132.308 0.00181086 -0.0219077 0.999777 1.11571
0.51252 -0.858506 -0.017188 161.222 0.858688 0.51249 0.0064268 132.995 0.00328858 -0.0180434 0.999847 1.13935
0.51761 -0.855602 -0.0069025 161.515 0.855612 0.517516 0.0106542 133.448 -0.00553976 -0.0114135 0.999933 1.14465
0.523671 -0.851927 -0.000816206 161.961 0.85191 0.523642 0.00749712 134.127 -0.00595881 -0.00461916 0.999981 1.15812
0.525782 -0.85062 0.000201808 162.229 0.850579 0.525761 0.00990933 134.536 -0.00853363 -0.00503989 0.999954 1.15048
0.52671 -0.850042 -0.0038266 162.65 0.850054 0.526669 0.00747109 135.196 -0.00433641 -0.0071775 0.99998 1.14266
0.526168 -0.850386 -0.00107421 162.904 0.85033 0.526097 0.0136523 135.604 -0.0110446 -0.00810311 0.999924 1.13196
0.525487 -0.850803 -0.00225475 163.356 0.850769 0.525419 0.0122626 136.338 -0.00924837 -0.00836107 0.999938 1.13167
0.525794 -0.850616 0.00105361 163.583 0.850454 0.525696 0.0204 136.718 -0.0179069 -0.00982659 0.999817 1.12262
0.525797 -0.850572 -0.00821853 164.031 0.850532 0.525583 0.0191238 137.466 -0.0119467 -0.0170456 0.999789 1.10743
0.52503 -0.850919 -0.0167776 164.365 0.85108 0.524865 0.0134959 138.024 -0.00267796 -0.0213649 0.99977 1.08369
0.523655 -0.851757 -0.0174037 164.592 0.851931 0.523571 0.00938405 138.398 0.00111769 -0.0197414 0.999807 1.07363
0.519973 -0.853999 -0.0177411 165.037 0.854082 0.52013 -0.00521024 139.12 0.0136765 -0.0124417 0.999838 1.08126
0.516571 -0.856098 -0.0158597 165.348 0.85623 0.51662 0.00180044 139.655 0.00665324 -0.0145112 0.999887 1.09863
0.512981 -0.858265 -0.0152725 165.674 0.858392 0.512817 0.0135128 140.258 -0.00376559 -0.0200416 0.999792 1.11825
0.510277 -0.860038 -0.00367947 165.927 0.859798 0.509954 0.0273069 140.705 -0.0216107 -0.0171047 0.999676 1.13457
0.506097 -0.862469 0.00622794 166.411 0.86195 0.505993 0.0323841 141.528 -0.0310829 -0.0110291 0.999485 1.15221
0.504138 -0.863568 0.00982076 166.665 0.862895 0.504146 0.0354849 141.964 -0.0355945 -0.00941551 0.999327 1.13985
0.501863 -0.864951 0.00157555 167.138 0.864683 0.501731 0.0253043 142.807 -0.0226764 -0.0113439 0.999708 1.11344
0.499203 -0.866482 -0.00227263 167.431 0.866353 0.499079 0.0187589 143.329 -0.01512 -0.0113334 0.999822 1.09004
0.497192 -0.867644 0.000833448 167.707 0.867561 0.497157 0.0131446 143.809 -0.0118198 -0.00581262 0.999917 1.07741
0.495686 -0.868501 0.00540935 168.185 0.868545 0.49567 0.000943271 144.622 -0.00350076 0.0042272 1.00003 1.06913
0.494934 -0.868799 0.0152253 168.516 0.86888 0.49502 0.00245004 145.163 -0.00966502 0.012018 0.999884 1.07393
0.493939 -0.869207 0.0227949 168.779 0.869314 0.494215 0.00936572 145.592 -0.0194064 0.0151891 0.999726 1.07418
0.49291 -0.869763 0.0236117 169.241 0.869919 0.493161 0.00617102 146.371 -0.0170121 0.0174975 0.999707 1.06452
0.492043 -0.870172 0.0264192 169.509 0.870404 0.492321 0.00508161 146.832 -0.0174287 0.0204939 0.999644 1.04958
0.491409 -0.870532 0.0271043 169.976 0.870944 0.491343 -0.00828147 147.634 -0.00611027 0.0276705 0.999635 1.03003
0.490817 -0.87073 0.0304558 170.258 0.871208 0.490892 -0.00557412 148.135 -0.0100973 0.0292699 0.999525 1.0296
0.490131 -0.870929 0.035542 170.517 0.871485 0.490443 0.000346789 148.603 -0.0177334 0.0308039 0.999383 1.03724
