0.473188 -0.880698 0.0228152 1.22458 0.880921 0.473417 0.0079054 1.54559 -0.017758 0.0162922 0.999823 0.787393
0.471405 -0.881546 0.0260774 1.57137 0.88151 0.471897 0.0194809 2.21902 -0.0294786 0.0137944 0.999546 0.80688
0.470019 -0.882221 0.0277914 2.08935 0.88211 0.470603 0.0203937 3.26937 -0.0310709 0.0149295 0.999407 0.867255
0.468074 -0.883339 0.0251709 2.63541 0.88354 0.468408 0.00973763 4.40601 -0.020394 0.0176924 0.999713 0.952081
0.466421 -0.884321 0.0212211 3.14736 0.884609 0.466481 -0.00119311 5.47878 -0.00884525 0.0193392 0.999854 1.03193
0.464758 -0.885252 0.0182837 3.61418 0.885476 0.464664 -0.00915832 6.44506 -0.000388995 0.0204496 0.999826 1.08193
0.463323 -0.88602 0.0173747 4.05049 0.886187 0.46312 -0.0144229 7.32107 0.00473224 0.0220815 0.999754 1.10684
0.462185 -0.886603 0.0178976 4.47759 0.886767 0.461953 -0.0156412 8.14236 0.0055997 0.0231004 0.999718 1.12122
0.461651 -0.886943 0.0149126 4.95323 0.887039 0.461357 -0.0188819 9.04973 0.00986714 0.0219465 0.999739 1.12916
0.462644 -0.886338 0.0195319 5.27339 0.886613 0.46263 -0.00479318 9.65313 -0.0047891 0.0195443 0.999872 1.11815
0.464132 -0.885552 0.0195925 5.75898 0.885746 0.464165 -0.00290202 10.5852 -0.00652462 0.0187001 0.999808 1.10029
0.465778 -0.884615 0.0226012 6.13082 0.884827 0.465929 0.00187552 11.3174 -0.0121897 0.0191264 0.999751 1.07408
0.467699 -0.883543 0.0248511 6.48478 0.883764 0.467925 0.00417666 12.0157 -0.0153174 0.0200136 0.99969 1.04938
0.469114 -0.882888 0.0210242 7.00891 0.883116 0.46916 -0.00303905 13.0266 -0.00718052 0.0199923 0.999781 1.04887
0.470038 -0.882446 0.0188141 7.4348 0.882637 0.470024 -0.00546368 13.83 -0.00402154 0.0191741 0.999809 1.0719
0.470641 -0.88214 0.0181377 7.84206 0.88231 0.470667 -0.00338242 14.573 -0.00555275 0.0175947 0.999836 1.09847
0.470499 -0.882251 0.0171029 8.38654 0.882391 0.470511 -0.00276404 15.5978 -0.00560659 0.0163939 0.999865 1.10955
0.469539 -0.882616 0.0228979 8.81078 0.882827 0.4697 0.00203133 16.4136 -0.0125481 0.0192598 0.99974 1.09332
0.468435 -0.882862 0.0338974 9.26383 0.883379 0.46866 -0.00152809 17.2554 -0.0145388 0.0306598 0.999439 1.07809
0.467391 -0.88312 0.0407746 9.68714 0.883947 0.467548 -0.00625896 18.0426 -0.0135373 0.0389679 0.999159 1.05442
0.4662 -0.883857 0.0381712 10.2417 0.884669 0.466022 -0.0139208 19.0845 -0.00548461 0.0402577 0.99918 1.037
0.464897 -0.884729 0.0337378 10.6368 0.88535 0.464798 -0.0115564 19.8393 -0.00545561 0.0352417 0.999378 1.0476
0.463331 -0.885847 0.0256984 11.1889 0.886209 0.463077 -0.0142975 20.892 0.000765137 0.0293987 0.999604 1.07109
0.46258 -0.886176 0.0267343 11.5905 0.886569 0.462575 -0.00663282 21.6562 -0.0064889 0.026771 0.999634 1.08595
0.461448 -0.886782 0.0261662 12.0644 0.887118 0.461536 -0.00298285 22.5714 -0.00943147 0.0245889 0.999654 1.08786
0.46051 -0.887204 0.0282954 12.4458 0.88754 0.460742 0.00200862 23.3301 -0.0148189 0.0241874 0.999606 1.0815
0.460155 -0.887397 0.0280985 12.991 0.887717 0.46039 0.00234746 24.4067 -0.0150196 0.0238626 0.999607 1.08192
0.45963 -0.887705 0.0268696 13.4513 0.887956 0.459908 0.0047682 25.327 -0.0165905 0.0216675 0.999631 1.07536
0.459697 -0.887618 0.0286665 13.837 0.887847 0.460071 0.00810885 26.0874 -0.0203857 0.0217247 0.999562 1.05921
0.459999 -0.88742 0.0298284 14.381 0.887793 0.460269 0.00201968 27.1373 -0.0155187 0.0255496 0.999568 1.04616
0.460251 -0.887373 0.0271719 14.8314 0.887715 0.460397 -0.00104405 28.0243 -0.0115833 0.0246012 0.999632 1.03529
0.459758 -0.887652 0.0263944 15.2075 0.887935 0.459979 0.00254519 28.7606 -0.0143997 0.0222654 0.999656 1.03615
0.458055 -0.888543 0.0262121 16.1898 0.888923 0.458097 -0.00432675 30.6963 -0.00816283 0.0252785 0.99968 1.03137
0.457137 -0.888846 0.0321229 16.5489 0.889284 0.457401 0.00263357 31.4054 -0.0170359 0.0273568 0.999531 1.02608
0.456959 -0.889137 0.0250764 17.0846 0.889459 0.45701 -0.00377974 32.4711 -0.00809978 0.0240299 0.999686 1.02093
0.456686 -0.889379 0.0212414 17.4521 0.889589 0.456777 -0.00122447 33.1903 -0.00861376 0.0194554 0.999785 1.03688
0.456438 -0.889595 0.0174824 17.9703 0.88975 0.456449 -0.00275881 34.1986 -0.00552628 0.0168131 0.999857 1.06303
0.456107 -0.889644 0.0225458 18.3627 0.889859 0.45624 0.0011815 34.9536 -0.0113377 0.0195231 0.999752 1.08137
0.456217 -0.889487 0.026056 18.865 0.889796 0.456367 -0.000377615 35.9549 -0.0115542 0.0233558 0.999664 1.07472
0.456064 -0.889452 0.0296985 19.2716 0.889844 0.456269 0.00021615 36.7686 -0.0137428 0.0263283 0.999562 1.0553
0.45569 -0.889589 0.0312938 19.7227 0.890056 0.455844 -0.0024244 37.6248 -0.0121084 0.028958 0.999508 1.04779
0.454685 -0.890071 0.0321817 20.0994 0.890534 0.454931 0.000232196 38.3518 -0.0148461 0.0285517 0.999488 1.05297
0.453976 -0.890472 0.0314742 20.6313 0.890938 0.454134 -0.00171222 39.3913 -0.0127701 0.0288166 0.999522 1.07605
0.453035 -0.890807 0.0349616 21.0254 0.891288 0.45343 0.00378008 40.1609 -0.0192195 0.0294478 0.999386 1.09606
0.452547 -0.890948 0.0376207 21.4346 0.891422 0.453111 0.00772225 40.973 -0.0239264 0.0300415 0.999265 1.09732
0.452179 -0.891168 0.036832 21.9291 0.89175 0.452562 0.00193762 41.9677 -0.0183928 0.0319654 0.999337 1.06368
0.450651 -0.891987 0.035724 22.2576 0.892563 0.450925 -0.000387476 42.6436 -0.0157642 0.0320591 0.999363 1.03624
0.450027 -0.892542 0.0291255 22.7241 0.892993 0.450012 -0.00736675 43.5879 -0.00653227 0.0293234 0.999551 1.03196
0.449222 -0.89315 0.0220354 23.1468 0.893417 0.449166 -0.0075964 44.4472 -0.00311311 0.0230988 0.999731 1.05214
0.448151 -0.893741 0.0196971 23.5069 0.893925 0.448241 -0.000183096 45.1848 -0.00866419 0.0176878 0.999817 1.06802
0.445902 -0.89483 0.0216986 24.3063 0.895018 0.446035 0.00110224 46.7965 -0.0106646 0.0189292 0.999777 1.06103
0.444066 -0.895692 0.0234232 24.616 0.895856 0.444322 0.00723891 47.4222 -0.0168908 0.0177622 0.999718 1.05379
0.443361 -0.896118 0.0202632 25.0821 0.896299 0.443491 0.00247186 48.3693 -0.0112006 0.0170586 0.999815 1.05677
0.441824 -0.896838 0.0218185 25.3832 0.896996 0.442016 0.00480505 48.9937 -0.0139539 0.0174469 0.999753 1.06052
0.440794 -0.897357 0.0212452 25.7894 0.897528 0.440951 0.00318968 49.829 -0.0122304 0.0176611 0.999772 1.06867
0.439627 -0.897948 0.0204605 26.117 0.898067 0.439821 0.00592393 50.5238 -0.0143182 0.0157705 0.999774 1.07941
0.438656 -0.898482 0.0178066 26.4982 0.898541 0.438831 0.00778946 51.3356 -0.0148132 0.0125815 0.999818 1.08552
0.436951 -0.899319 0.0172874 26.8082 0.899285 0.43718 0.0127771 51.9841 -0.0190479 0.00996257 0.999771 1.07983
0.435643 -0.899974 0.0163828 27.1367 0.899934 0.435851 0.0123679 52.6801 -0.0182708 0.00935552 0.999793 1.0614
0.434499 -0.90051 0.0176744 27.3923 0.900566 0.434673 0.00683386 53.2314 -0.0138383 0.0129478 0.999833 1.04362
0.433624 -0.900948 0.0163143 27.7411 0.901084 0.433642 -0.0029051 53.9771 -0.00445578 0.0159594 0.999868 1.04352
0.432987 -0.901299 0.0135328 28.0032 0.901397 0.432981 -0.00363497 54.5414 -0.00258331 0.0137724 0.999904 1.06736
0.43261 -0.901536 0.00948087 28.3319 0.901573 0.432631 -0.00034301 55.2365 -0.00379316 0.00869619 0.999961 1.09093
0.431856 -0.901909 0.00793469 28.6333 0.901925 0.431885 0.00274329 55.8877 -0.00590146 0.00597108 0.999967 1.10121
0.430506 -0.902518 0.0115315 28.8979 0.902566 0.430548 0.00170995 56.4373 -0.00650891 0.00967108 0.999936 1.09136
0.430352 -0.902509 0.0167625 29.1474 0.902654 0.430351 -0.00377797 56.9477 -0.00380379 0.0167567 0.999855 1.09239
0.43122 -0.902026 0.0199838 29.4027 0.902246 0.431085 -0.0108996 57.4741 0.00121758 0.02273 0.999742 1.09427
0.434033 -0.900724 0.017789 29.6942 0.900878 0.433802 -0.0153548 58.0908 0.00611258 0.0226893 0.999726 1.10431
0.441866 -0.897006 0.012109 30.1796 0.897084 0.44185 -0.00513696 59.0923 -0.000746217 0.0131344 0.999927 1.10599
0.446153 -0.89482 0.0156785 30.4026 0.894937 0.446211 0.000112412 59.5135 -0.00709805 0.0139852 0.999884 1.10991
0.453633 -0.890975 0.0197316 30.6974 0.891147 0.453719 0.00027837 60.0859 -0.00920019 0.0174582 0.999812 1.11779
0.462218 -0.88649 0.0222976 30.9107 0.886685 0.46237 0.0020514 60.5355 -0.0121272 0.0188237 0.999752 1.10849
0.474636 -0.879938 0.0210604 31.1335 0.880089 0.474804 0.00364095 60.9638 -0.0131978 0.0168107 0.999774 1.10038
0.49033 -0.871361 0.0178943 31.3708 0.871443 0.490483 0.00519664 61.4049 -0.0133018 0.0130446 0.999827 1.09241
0.513741 -0.85777 0.0173892 31.6858 0.857873 0.513867 0.00303509 61.8771 -0.0115361 0.0133552 0.999851 1.08787
0.537227 -0.843171 0.0217463 31.916 0.843334 0.537401 0.00269505 62.1899 -0.0139526 0.0168965 0.999762 1.08711
0.561803 -0.826957 0.0249546 32.1215 0.827132 0.562079 0.00535 62.47 -0.0184524 0.0176654 0.999679 1.08631
0.592063 -0.805489 0.0255084 32.4117 0.805646 0.592367 0.00598991 62.8647 -0.0199353 0.017004 0.999658 1.09226
0.620862 -0.783496 0.025919 32.6553 0.783622 0.621203 0.00726834 63.1795 -0.0217969 0.0157987 0.999638 1.09581
0.653157 -0.756784 0.0261168 32.9208 0.756877 0.65352 0.00819701 63.4967 -0.023272 0.0144159 0.999625 1.09446
0.727303 -0.685851 0.0263725 33.5543 0.685935 0.727666 0.0070229 64.0953 -0.0239887 0.012984 0.999631 1.08517
0.761654 -0.647573 0.0263738 33.8432 0.647626 0.762027 0.007728 64.3108 -0.0250982 0.0112204 0.999624 1.08031
0.80113 -0.59802 0.023748 34.2373 0.59808 0.801421 0.00534859 64.5673 -0.0222319 0.00991987 0.999704 1.07299
0.834496 -0.550577 0.0237855 34.55 0.550614 0.834792 0.0056007 64.7367 -0.0229392 0.00843752 0.999703 1.06255
0.901014 -0.433394 0.0195313 35.3008 0.433449 0.901198 0.00157558 65.0642 -0.0182849 0.00705446 0.999809 1.03098
0.92531 -0.378747 0.0221984 35.6024 0.378803 0.925547 0.00198826 65.1618 -0.0213012 0.0066109 0.999758 1.01698
0.949511 -0.313141 0.0222916 36.0346 0.313178 0.949759 0.0018828 65.2822 -0.0217525 0.00519493 0.99975 1.00224
0.966459 -0.255593 0.0251767 36.3843 0.255574 0.966782 0.00404371 65.3706 -0.0253736 0.00252451 0.999676 0.986704
0.979759 -0.198522 0.0277395 36.7115 0.198452 0.980151 0.00534992 65.4392 -0.028253 0.000281915 0.999602 0.975782
0.990652 -0.133739 0.0275369 37.1532 0.133671 0.991034 0.00430908 65.498 -0.0278625 -0.000588113 0.999612 0.962423
0.996644 -0.0770796 0.0275845 37.532 0.0770754 0.997026 0.00125956 65.5281 -0.0275988 0.00087032 0.99962 0.949394
0.999511 -0.019421 0.0257709 37.9447 0.0194253 0.999843 8.805e-05 65.5431 -0.02577 0.000416012 0.999668 0.942753
0.999144 0.0322857 0.0259389 38.3013 -0.0323532 0.999476 0.00211349 65.5447 -0.0258589 -0.0029525 0.999663 0.945482
0.996237 0.0826464 0.0261553 38.6671 -0.0827989 0.996555 0.00480781 65.5277 -0.0256678 -0.0069553 0.999648 0.945691
0.991291 0.130049 0.0222449 39.0538 -0.130117 0.991529 0.00158355 65.4765 -0.0218476 -0.00444851 0.999753 0.912431
0.985871 0.165969 0.024281 39.3382 -0.165868 0.986165 -0.00618832 65.4066 -0.0249685 0.0020962 0.99969 0.864043
0.978175 0.206181 0.0257918 39.7546 -0.205951 0.978514 -0.0110758 65.3096 -0.0275231 0.00552244 0.999622 0.813334
0.969971 0.2422 0.0239462 40.1932 -0.242058 0.970267 -0.00880747 65.2107 -0.0253414 0.00275805 0.99968 0.794642
0.962693 0.269426 0.0256468 40.4824 -0.269401 0.963026 -0.00462343 65.1424 -0.0259417 -0.00244394 0.999667 0.836078
0.953884 0.29938 0.0225484 40.9144 -0.299497 0.95412 0.00213676 65.0192 -0.0208988 -0.00879015 0.999754 0.886397
0.946076 0.323322 0.020124 41.2733 -0.32345 0.94624 0.00345804 64.9004 -0.0179258 -0.00978049 0.999793 0.913456
0.938362 0.345234 0.0172067 41.6276 -0.345307 0.938492 0.00133722 64.7786 -0.0156852 -0.00719663 0.999851 0.910242
0.930134 0.367063 0.0108898 42.0722 -0.367062 0.930196 -0.00200203 64.6188 -0.0108622 -0.00213587 0.999941 0.88282
0.923349 0.383938 0.00453997 42.4623 -0.383927 0.92336 -0.00277699 64.4638 -0.00525819 0.000821098 0.999988 0.871324
0.915955 0.40129 -2.86978e-05 42.9039 -0.40129 0.915954 -0.000741728 64.2539 -0.000271769 0.000690555 1 0.902629
0.909728 0.415185 0.0049244 43.2884 -0.415192 0.909734 0.00050149 64.0556 -0.00427218 -0.00249912 0.999991 0.927034
0.902696 0.430215 0.00846992 43.7848 -0.430254 0.902715 0.00259918 63.8011 -0.00652227 -0.00598022 0.999966 0.933885
0.897685 0.440435 0.0142878 44.1154 -0.440495 0.897757 0.00162666 63.6308 -0.0121158 -0.00774475 0.999907 0.91493
0.891349 0.453114 0.013692 44.6505 -0.453162 0.891433 0.000276505 63.3498 -0.0120767 -0.00644832 0.99991 0.884506
0.886643 0.462285 0.0125176 45.0913 -0.462289 0.886725 -0.00282249 63.1154 -0.0124045 -0.00328424 0.999918 0.86738
0.882718 0.469797 0.010062 45.5528 -0.469754 0.882776 -0.00639529 62.8674 -0.0118873 0.000918521 0.999931 0.854883
0.879565 0.475719 0.00762916 46.0521 -0.475664 0.879591 -0.00788974 62.5956 -0.010464 0.0033108 0.99994 0.840876
0.877339 0.479791 0.00925419 46.4622 -0.479727 0.877381 -0.00808959 62.3718 -0.0120015 0.0026588 0.999928 0.830415
0.874219 0.485452 0.00892688 47.0648 -0.485447 0.874276 -0.00302384 62.0401 -0.00926965 -0.00168921 0.999969 0.813991
0.8721 0.489201 0.0116533 47.5419 -0.489221 0.872168 -0.000237915 61.7767 -0.0102808 -0.00549333 0.999945 0.79947
0.870124 0.492729 0.0101841 48.1909 -0.492782 0.870163 0.00256575 61.4189 -0.0075957 -0.0072499 0.999957 0.77207
0.868941 0.49479 0.0112656 48.6783 -0.494826 0.868993 0.000311249 61.1505 -0.00963574 -0.00584502 0.999938 0.749542
0.867505 0.497357 0.00875305 49.3469 -0.497376 0.867536 -0.000158348 60.7803 -0.0076725 -0.00421482 0.999965 0.729734
0.866813 0.498542 0.00967794 49.8237 -0.498526 0.866865 -0.00451317 60.5004 -0.0106394 -0.000912327 0.999947 0.722105
0.866928 0.498393 0.00650195 50.4884 -0.498354 0.866947 -0.00690299 60.1093 -0.00907709 0.00274451 0.999957 0.707906
0.868361 0.495926 0.00337058 51.1027 -0.495852 0.868325 -0.0122977 59.752 -0.00902908 0.00900778 0.999924 0.698547
0.870525 0.492111 0.00448357 51.6784 -0.492004 0.870467 -0.0149852 59.4267 -0.0112771 0.0108351 0.99988 0.692012
0.872957 0.487776 0.00489739 52.3038 -0.487671 0.872918 -0.0141493 59.0777 -0.0111724 0.00996325 0.999892 0.689099
0.875368 0.483452 0.00300866 53.0695 -0.483387 0.875317 -0.0129451 58.6502 -0.00889199 0.00987707 0.999919 0.688132
0.877133 0.480232 0.00385851 53.7271 -0.480138 0.877078 -0.0142252 58.2863 -0.0102154 0.0106247 0.999891 0.685018
0.878674 0.477355 0.00857786 54.3005 -0.477207 0.878665 -0.0149071 57.9855 -0.0146527 0.00900355 0.999857 0.662747
0.880618 0.473745 0.00908282 55.11 -0.473615 0.880631 -0.0133598 57.5726 -0.0143274 0.00746174 0.999872 0.633471
0.882596 0.470105 0.00643782 55.8743 -0.470003 0.882579 -0.0123235 57.1871 -0.0114736 0.00784874 0.999911 0.609381
0.884311 0.46687 0.00509308 56.5354 -0.466765 0.884276 -0.0145717 56.8383 -0.0113071 0.0105086 0.999894 0.597521
0.885277 0.465031 0.00616354 57.1377 -0.464935 0.885253 -0.0130279 56.5132 -0.0115149 0.00866679 0.999903 0.588306
0.885289 0.465029 0.0035612 58.0078 -0.465021 0.885299 -0.00366005 56.0653 -0.00485749 0.00158258 0.999992 0.588523
0.884942 0.465652 0.00784705 58.7131 -0.465667 0.884963 0.00188729 55.7207 -0.00606995 -0.00532191 0.999978 0.605179
0.884708 0.466044 0.00979673 59.4764 -0.466101 0.884721 0.00438622 55.3441 -0.00662345 -0.00844761 0.999944 0.620467
0.884755 0.465972 0.00899934 60.1679 -0.465997 0.884791 0.00115964 54.9861 -0.00742217 -0.00521966 0.999965 0.615564
0.884999 0.465434 0.0123265 60.7765 -0.46548 0.885058 0.00102193 54.6684 -0.0104338 -0.00664307 0.999925 0.611219
0.885305 0.465079 0.00523671 62.3988 -0.465068 0.885268 0.00390416 53.8226 -0.00281898 -0.00589339 1.00002 0.590673
0.884844 0.465776 0.0119831 62.9847 -0.465847 0.884864 0.0031068 53.52 -0.00915663 -0.00832759 0.999947 0.588788
0.88396 0.467474 0.00973938 63.8763 -0.46755 0.883934 0.00770886 53.0615 -0.00500554 -0.0113665 0.99993 0.591703
0.882478 0.470167 0.0133697 64.5679 -0.470302 0.88245 0.00991363 52.7112 -0.00713694 -0.0150364 0.999863 0.605749
0.879838 0.474916 0.0186207 65.2768 -0.475168 0.879802 0.0130996 52.3502 -0.0101655 -0.020372 0.999746 0.620666
0.876939 0.480045 0.0232726 65.9238 -0.480411 0.876935 0.0138718 52.0088 -0.0137514 -0.023342 0.999636 0.630441
0.87346 0.48647 0.0208639 66.7693 -0.486765 0.873434 0.0132937 51.5527 -0.0117596 -0.0217646 0.999705 0.645304
0.869424 0.493665 0.0199353 67.4334 -0.493915 0.869461 0.0101515 51.1863 -0.0123191 -0.0186715 0.999759 0.639456
0.864379 0.502505 0.0184123 68.1421 -0.502701 0.864426 0.00807232 50.7881 -0.011859 -0.0162333 0.999801 0.62925
0.859319 0.511001 0.0215738 68.7303 -0.511245 0.859405 0.00763436 50.4499 -0.0146433 -0.0175822 0.999743 0.625141
0.853005 0.521454 0.0216613 69.5296 -0.52175 0.853039 0.0106543 49.9746 -0.012922 -0.0203896 0.999715 0.622532
0.847211 0.530676 0.0250626 70.1329 -0.531044 0.847272 0.0112409 49.5962 -0.0152742 -0.0228286 0.999627 0.628845
0.840652 0.541073 0.0234115 70.8917 -0.541402 0.840695 0.0108231 49.1011 -0.0138265 -0.0217722 0.999668 0.632532
0.834689 0.550245 0.0229065 71.5236 -0.550547 0.834752 0.00950177 48.6771 -0.0138939 -0.0205427 0.999694 0.620712
0.828952 0.558794 0.0243383 72.1262 -0.559113 0.829049 0.00850325 48.2718 -0.0154261 -0.0206565 0.999671 0.61162
0.823432 0.566767 0.0274391 72.6842 -0.567171 0.823542 0.00999753 47.8971 -0.0169362 -0.0237904 0.999581 0.604585
0.817148 0.575926 0.0241847 73.4427 -0.576305 0.81714 0.0127634 47.3841 -0.0124102 -0.0243632 0.999631 0.597896
0.812342 0.582712 0.023408 73.9521 -0.58303 0.8124 0.00963328 47.0189 -0.0134001 -0.0214711 0.999684 0.604958
0.806519 0.590887 0.0197899 74.6446 -0.591126 0.806522 0.00967244 46.5159 -0.0102482 -0.019496 0.999762 0.620068
0.801424 0.597787 0.0192434 75.2167 -0.598001 0.801458 0.00782323 46.089 -0.0107463 -0.0177774 0.999785 0.628008
0.796598 0.604142 0.0211638 75.7645 -0.604372 0.796678 0.00632586 45.6731 -0.0130401 -0.0178282 0.999758 0.620381
0.792467 0.609556 0.0209154 76.4263 -0.609775 0.792559 0.00559065 45.1732 -0.0131674 -0.0171827 0.999768 0.602189
0.790359 0.612326 0.0198099 76.9765 -0.61246 0.790503 0.000895381 44.7276 -0.0151134 -0.0128403 0.999804 0.590396
0.788699 0.614473 0.0194345 77.5145 -0.614536 0.788884 -0.00327504 44.2978 -0.017345 -0.00936066 0.999807 0.580293
0.787193 0.616323 0.0219148 77.9531 -0.616335 0.787457 -0.00731382 43.9548 -0.021764 -0.00774691 0.99974 0.569517
0.78605 0.617819 0.020652 78.5789 -0.617808 0.786292 -0.00764066 43.4728 -0.0209588 -0.00675338 0.999759 0.557368
0.786633 0.617161 0.0179969 79.0922 -0.617142 0.786819 -0.00724595 43.0765 -0.0186327 -0.00540506 0.999813 0.545892
0.788349 0.615045 0.015054 79.6112 -0.615032 0.78848 -0.00614113 42.6656 -0.0156468 -0.00441605 0.999869 0.544889
0.791218 0.611396 0.0130091 80.1088 -0.611358 0.791322 -0.0071357 42.273 -0.0146575 -0.0023073 0.999891 0.54926
0.796092 0.605079 0.0109281 80.5808 -0.605023 0.796169 -0.00808881 41.9071 -0.0135968 -0.000171989 0.99991 0.563817
0.801674 0.597683 0.0100959 80.9501 -0.597576 0.801738 -0.0119457 41.6343 -0.0152435 0.00353886 0.999886 0.586895
0.809855 0.586657 0.00368437 81.4811 -0.586523 0.809801 -0.0149679 41.2584 -0.0117576 0.00995717 0.999909 0.619465
0.818095 0.575098 1.94106e-05 81.8659 -0.574978 0.817957 -0.0194788 41.0027 -0.0112319 0.0159239 0.999831 0.644023
0.830473 0.557047 -0.00551453 82.3695 -0.557038 0.830282 -0.0185887 40.6904 -0.00577088 0.0185046 0.99982 0.665417
0.842477 0.538706 -0.00579627 82.7592 -0.538718 0.842299 -0.0179649 40.4623 -0.00479707 0.0182536 0.999824 0.675034
0.857329 0.514731 -0.00670719 83.2405 -0.51477 0.8572 -0.0150174 40.1861 -0.0019822 0.0163276 0.999865 0.685466
0.87248 0.488649 -0.00333435 83.6874 -0.488643 0.872397 -0.0124601 39.9458 -0.00317859 0.0124998 0.999924 0.696488
0.888189 0.459525 -0.00030756 84.1129 -0.459497 0.888133 -0.0111915 39.7351 -0.00485595 0.0100759 0.99994 0.703296
0.909035 0.416742 -0.00013759 84.6935 -0.416724 0.908975 -0.0107555 39.5041 -0.00435763 0.00982443 0.999951 0.706246
0.927485 0.373903 0.00158284 85.1761 -0.373858 0.927423 -0.0115976 39.3549 -0.00579764 0.0101493 0.999939 0.696827
0.942026 0.335747 0.00825082 85.5168 -0.335641 0.942017 -0.0120492 39.2843 -0.0118107 0.00853023 0.9999 0.692719
0.959806 0.280519 0.0107749 86.1146 -0.280422 0.959842 -0.00970003 39.1774 -0.0130611 0.00627435 0.999899 0.69036
0.973706 0.227625 0.0101325 86.6121 -0.227521 0.973727 -0.0101928 39.1264 -0.0121799 0.00761171 0.999901 0.687998
0.984584 0.1752 0.00952847 87.0095 -0.175072 0.984569 -0.0129546 39.1078 -0.01167 0.0110858 0.999872 0.695586
0.994943 0.10107 0.00121923 87.6264 -0.101028 0.994792 -0.0170922 39.0918 -0.00292178 0.0168369 0.999864 0.717025
0.999327 0.0408526 -0.00119611 87.9934 -0.0408683 0.999138 -0.0194892 39.1029 0.000385962 0.0195153 0.99981 0.742365
0.999213 -0.0404445 -0.00892264 88.5854 0.0402656 0.999073 -0.0192307 39.1602 0.00968244 0.0188263 0.999779 0.779026
0.985077 -0.173474 -0.00927336 89.3946 0.173332 0.98503 -0.015236 39.3499 0.0118373 0.0133172 0.999851 0.801217
0.967846 -0.251564 -0.0145686 89.9436 0.251293 0.96784 -0.0181565 39.5382 0.0186543 0.0138311 0.999746 0.803991
0.951434 -0.308223 -0.0083122 90.2703 0.308047 0.951357 -0.0177133 39.6776 0.0133624 0.0142272 0.999816 0.806017
0.923959 -0.382774 -0.0047891 90.8173 0.382647 0.923844 -0.0176939 39.9434 0.0111981 0.0144329 0.999848 0.810483
0.898246 -0.439523 0.00341835 91.1919 0.43953 0.898143 -0.0136279 40.1531 0.00292124 0.0137245 0.999907 0.801119
0.869152 -0.494714 0.00973314 91.5567 0.494799 0.869102 -0.00979396 40.3796 -0.00360868 0.0132885 0.999908 0.790972
0.831809 -0.555054 0.0120086 92.0615 0.555154 0.831795 -0.00660079 40.7315 -0.00632778 0.0121011 0.99992 0.772116
0.803446 -0.595237 0.0129893 92.3828 0.59531 0.803493 -0.0024085 40.971 -0.00900338 0.00966735 0.999913 0.76654
0.776034 -0.630573 0.0122546 92.7035 0.630585 0.776114 0.00325368 41.2164 -0.0115635 0.00520258 0.99992 0.774092
0.753267 -0.657679 0.0103263 92.9754 0.657632 0.753339 0.00811239 41.4239 -0.0131028 0.000667304 0.999916 0.788678
0.734829 -0.678402 0.00714287 93.3966 0.678354 0.734864 0.00822524 41.7956 -0.0108021 -0.00121349 0.999943 0.776159
0.723071 -0.690723 0.00954409 93.6957 0.690688 0.723132 0.00707163 42.0685 -0.0117843 0.00148488 0.99993 0.783965
0.709674 -0.704451 0.0115085 94.0883 0.704455 0.709749 0.00430982 42.4448 -0.0112091 0.00504514 0.999925 0.811941
0.701151 -0.712949 0.0102344 94.4572 0.712961 0.701208 0.00321264 42.7819 -0.00946386 0.00503832 0.999944 0.860605
0.69548 -0.718516 0.0067456 94.7576 0.718483 0.695514 0.00678635 43.1011 -0.00957022 0.000127112 0.999956 0.888483
0.690312 -0.723514 0.00168128 95.1357 0.723464 0.690288 0.0104456 43.5302 -0.0087168 -0.00599516 0.999944 0.913553
0.687733 -0.725964 -0.00204794 95.4583 0.725928 0.687668 0.0119241 43.9086 -0.00724676 -0.00968667 0.999929 0.936036
0.686528 -0.727077 -0.00631185 95.8414 0.727104 0.686486 0.00851136 44.3469 -0.00185238 -0.0104345 0.999952 0.964286
0.687566 -0.726104 -0.00553108 96.1714 0.726122 0.687547 0.00535826 44.7026 -8.50661e-05 -0.0077001 0.999974 0.990341
0.693959 -0.719998 -0.00633656 97.0022 0.719959 0.693983 -0.00690152 45.5593 0.00936929 0.000229876 0.999963 1.0418
0.697279 -0.716729 -0.0100704 97.4151 0.716718 0.697343 -0.00525407 45.9838 0.0107883 -0.00355407 0.999936 1.06151
0.700917 -0.713154 -0.0112394 97.7971 0.713211 0.700949 0.00154373 46.3813 0.00677741 -0.00909816 0.999937 1.07304
0.705123 -0.709042 -0.00802553 98.1951 0.709094 0.70508 0.00805109 46.7841 -5.32344e-05 -0.0113629 0.999943 1.09155
0.713656 -0.700538 -0.000605537 99.6078 0.700284 0.713529 0.0260825 48.1828 -0.0178478 -0.0190356 0.999789 1.06837
0.714508 -0.699629 -0.000627594 100.098 0.699501 0.714355 0.0199253 48.6535 -0.013492 -0.0146752 0.999804 1.03701
0.714504 -0.69963 -0.00145249 100.483 0.699573 0.714415 0.0146127 49.028 -0.00918583 -0.011457 0.999894 1.03375
0.713796 -0.700303 -0.00844183 101.097 0.700353 0.71381 0.002413 49.6309 0.0043352 -0.00763337 0.999975 1.02603
0.712434 -0.701674 -0.00986792 101.511 0.701724 0.712448 0.00225519 50.0572 0.00544759 -0.0085334 0.999952 1.03172
0.709859 -0.704263 -0.0107194 102.046 0.704335 0.709859 0.00480688 50.5968 0.00422651 -0.0109647 0.999935 1.03593
0.707453 -0.706705 -0.0138494 102.659 0.706813 0.707396 0.00511261 51.2128 0.00618641 -0.0133999 0.999956 1.05543
0.706173 -0.708005 -0.00749788 103.097 0.708042 0.706017 0.0159265 51.6372 -0.00598292 -0.0165544 0.999868 1.05541
0.704981 -0.709215 -0.00480062 103.516 0.709148 0.704763 0.0206453 52.0584 -0.0112587 -0.0179598 0.999783 1.05459
0.702711 -0.711412 -0.00958138 104.174 0.71146 0.702543 0.0168518 52.7466 -0.00525942 -0.0186575 0.999827 1.0577
0.700843 -0.713227 -0.0114663 104.646 0.713315 0.700727 0.0128 53.2533 -0.00109273 -0.0171493 0.999855 1.07256
0.698813 -0.715185 -0.0130524 105.137 0.71531 0.69869 0.0132952 53.7768 -0.000390491 -0.0186254 0.999833 1.08146
0.696424 -0.71747 -0.0154331 105.641 0.717631 0.696262 0.0155125 54.3218 -0.000382822 -0.0218788 0.999772 1.08406
0.69362 -0.720217 -0.0134269 106.305 0.720341 0.693475 0.0142031 55.0087 -0.000918457 -0.019524 0.99981 1.09759
0.691254 -0.722535 -0.0106027 106.854 0.722604 0.691098 0.0151261 55.5682 -0.00360106 -0.0181182 0.99983 1.10708
0.689925 -0.723826 -0.00935452 107.521 0.723889 0.689814 0.0123096 56.2434 -0.00245705 -0.0152656 0.999889 1.12029
0.689337 -0.724447 -0.00264335 107.997 0.724412 0.689249 0.0128468 56.7334 -0.00748505 -0.0107709 0.999923 1.13179
0.688441 -0.725293 -0.00113709 108.636 0.72526 0.688389 0.0110277 57.4176 -0.00721567 -0.0084152 0.999941 1.12413
0.68816 -0.725572 0.00119424 109.168 0.725521 0.688146 0.00925308 57.9986 -0.00753744 -0.00550137 0.999971 1.11261
0.688815 -0.724945 -0.00122449 109.733 0.724924 0.688802 0.00719724 58.6186 -0.00437176 -0.00584534 0.999987 1.10209
0.690038 -0.723721 -0.00870062 110.317 0.723775 0.689986 0.00859092 59.26 -0.000213028 -0.0122267 0.999927 1.10364
0.691905 -0.721822 -0.0159357 110.757 0.72199 0.691612 0.0229744 59.7307 -0.00557642 -0.0273936 0.999677 1.10006
0.69475 -0.71885 -0.0246711 111.45 0.719234 0.694062 0.03139 60.4772 -0.00544259 -0.039553 0.99922 1.09514
0.696581 -0.717013 -0.0258279 111.983 0.717442 0.695732 0.0351851 61.0419 -0.00725939 -0.043039 0.999049 1.09497
0.697698 -0.715909 -0.0263765 112.684 0.716406 0.697218 0.0264344 61.7931 -0.00054269 -0.0373331 0.999327 1.11755
0.69873 -0.715176 -0.0182038 113.17 0.715383 0.698288 0.0249318 62.2873 -0.00511799 -0.0304417 0.99954 1.13533
0.699084 -0.714835 -0.0182214 113.943 0.715064 0.698866 0.0165592 63.0577 0.000898703 -0.0246029 0.999719 1.15996
0.699745 -0.714256 -0.0142103 114.463 0.714398 0.699503 0.018542 63.5798 -0.00330341 -0.0231274 0.999736 1.16577
0.700644 -0.713383 -0.0135029 115.083 0.713482 0.700315 0.0224571 64.2084 -0.00656416 -0.0253685 0.999658 1.16492
0.701741 -0.712334 -0.0118747 115.663 0.712322 0.701236 0.0294433 64.8108 -0.0126467 -0.0291194 0.999497 1.15783
0.702334 -0.711795 -0.00894452 116.156 0.711569 0.70163 0.037351 65.3255 -0.0203106 -0.0325971 0.99927 1.15156
0.703208 -0.710864 -0.0131355 116.928 0.710921 0.702705 0.0293797 66.123 -0.0116554 -0.0299972 0.999516 1.1356
0.70345 -0.71058 -0.0154701 117.473 0.710745 0.703229 0.0176193 66.6765 -0.00164098 -0.0233897 0.999727 1.11605
0.702364 -0.71158 -0.0185723 118.641 0.711795 0.702329 0.0101873 67.8424 0.00579554 -0.020375 0.999791 1.13582
0.701791 -0.712331 -0.00870977 119.179 0.712339 0.701545 0.0203803 68.3875 -0.00840686 -0.020508 0.99976 1.14256
0.700125 -0.714068 0.000929439 119.938 0.713808 0.699805 0.0288248 69.1677 -0.0212336 -0.0195059 0.999658 1.12485
0.699454 -0.714675 0.00686779 120.442 0.714193 0.699277 0.0306615 69.6988 -0.0267149 -0.0165408 0.999528 1.11426
0.698632 -0.715482 0.00124331 120.922 0.715186 0.698389 0.0276071 70.2107 -0.0206208 -0.0183987 0.99962 1.09984
0.697975 -0.715977 -0.0150764 121.625 0.716139 0.697798 0.0151609 70.9454 -0.000335994 -0.0213837 0.999784 1.09691
0.696955 -0.716933 -0.0161723 122.056 0.717114 0.696823 0.013719 71.3916 0.00143431 -0.0211592 0.999777 1.11343
0.694846 -0.718944 -0.0181409 122.769 0.719162 0.694806 0.00872038 72.1204 0.00633494 -0.0191067 0.99982 1.12425
0.692225 -0.721706 -0.00803546 123.218 0.721727 0.692097 0.010858 72.6046 -0.0022834 -0.0133278 0.99996 1.1473
0.688463 -0.725223 -0.00841724 123.9 0.725272 0.688422 0.00766385 73.3346 0.000237705 -0.0113812 0.999937 1.17131
0.686041 -0.727448 -0.0130078 124.425 0.727563 0.685935 0.0121802 73.9026 6.09644e-05 -0.0178199 0.999844 1.17395
0.684391 -0.728978 -0.0142114 124.839 0.729115 0.684126 0.0197019 74.3749 -0.00463827 -0.0238486 0.999718 1.17925
0.68303 -0.73019 -0.0171438 125.5 0.730377 0.682679 0.0223698 75.1051 -0.0046301 -0.0278013 0.999604 1.16913
0.682115 -0.731099 -0.014631 126.008 0.731178 0.681631 0.0276537 75.6464 -0.0102447 -0.0295606 0.999514 1.15655
0.680827 -0.732291 -0.0154489 126.685 0.732397 0.680345 0.0270137 76.3576 -0.0092711 -0.0297057 0.999525 1.14323
0.679024 -0.733995 -0.0134959 127.144 0.73408 0.678692 0.0226076 76.8486 -0.00743675 -0.0252576 0.999658 1.15758
0.675935 -0.736819 -0.0146403 127.775 0.736975 0.675828 0.0119913 77.5302 0.00105946 -0.0188966 0.999833 1.18635
0.671354 -0.741027 -0.0127901 128.26 0.741138 0.67129 0.00945653 78.0804 0.00157903 -0.015829 0.999876 1.19887
0.666367 -0.745565 -0.00964784 128.712 0.745627 0.666257 0.0123542 78.603 -0.00278163 -0.0154311 0.999882 1.1989
0.660836 -0.750503 -0.00799154 129.329 0.750504 0.660649 0.0169626 79.3247 -0.00745184 -0.0172086 0.999836 1.1659
0.657375 -0.753577 0.00214517 129.784 0.753287 0.65716 0.0271389 79.8416 -0.0218606 -0.0162309 0.99966 1.16979
0.653988 -0.756495 0.00385575 130.39 0.756046 0.653764 0.0317299 80.5433 -0.0265221 -0.0178381 0.999498 1.16015
0.650607 -0.759414 0.00269148 130.908 0.759023 0.650388 0.0297783 81.1589 -0.0243643 -0.0173311 0.999561 1.14309
0.645916 -0.76341 -0.000592068 131.387 0.763205 0.645725 0.0236252 81.7429 -0.0176537 -0.0157119 0.999722 1.12495
0.639768 -0.768553 -0.00515105 131.925 0.768558 0.639688 0.0113481 82.4164 -0.00542676 -0.0112183 0.999929 1.1289
0.635176 -0.772345 -0.00626831 132.312 0.77235 0.635084 0.0125666 82.9099 -0.00571942 -0.0128265 0.999908 1.13716
0.628365 -0.777811 -0.014261 132.96 0.777944 0.628175 0.0146646 83.7458 -0.00245109 -0.0203185 0.999815 1.12322
0.623424 -0.781791 -0.0128452 133.332 0.781858 0.623088 0.0220615 84.2277 -0.00924392 -0.0238073 0.999695 1.10054
0.614707 -0.788518 -0.0194677 133.952 0.78876 0.614486 0.016752 85.0587 -0.00124148 -0.0256574 0.999677 1.08917
0.608909 -0.793073 -0.0167798 134.3 0.793246 0.608647 0.0179976 85.5162 -0.00406229 -0.0242788 0.999708 1.09251
0.595457 -0.803235 -0.015667 135.356 0.803326 0.595051 0.0243638 86.9355 -0.0102465 -0.0270941 0.999586 1.09564
0.587193 -0.809181 -0.0223566 135.944 0.809576 0.586753 0.0216442 87.7603 -0.00439521 -0.0308294 0.999629 1.09574
0.581769 -0.813227 -0.0153707 136.338 0.813243 0.581179 0.02993 88.3104 -0.0154065 -0.0299115 0.999463 1.08779
0.576608 -0.816971 -0.0101797 136.717 0.816709 0.575948 0.0360083 88.8468 -0.0235561 -0.0290877 0.999321 1.08215
0.571713 -0.820371 -0.0118049 137.327 0.820204 0.571113 0.0332256 89.7122 -0.020515 -0.0286816 0.999383 1.0614
0.568925 -0.822236 -0.0159388 137.764 0.822221 0.568307 0.0313185 90.3672 -0.016693 -0.0309224 0.999383 1.05794
0.566471 -0.823813 -0.0210385 138.14 0.823987 0.565834 0.0296322 90.9352 -0.0125071 -0.0341211 0.99934 1.05659
0.563659 -0.825423 -0.0312876 138.735 0.826044 0.563313 0.0195212 91.8291 0.00151303 -0.036859 0.99935 1.06179
0.561431 -0.826914 -0.0317669 139.146 0.827522 0.560927 0.0238477 92.437 -0.00190138 -0.0396769 0.999211 1.07708
0.55947 -0.828316 -0.0297742 139.488 0.828785 0.558558 0.0340739 92.9521 -0.011591 -0.0437442 0.998992 1.08213
0.55635 -0.830456 -0.0288083 140.079 0.830734 0.555049 0.0425388 93.8442 -0.0193362 -0.0475975 0.998689 1.07377
0.552753 -0.833062 -0.0224811 140.439 0.832932 0.551356 0.0474434 94.3779 -0.0271312 -0.0449588 0.998646 1.05232
0.547852 -0.836402 -0.0171151 140.99 0.836303 0.54703 0.0368518 95.1988 -0.0214603 -0.0345017 0.999176 1.00396
0.541755 -0.840387 -0.0158366 141.451 0.840482 0.541397 0.0221964 95.9126 -0.0100788 -0.025337 0.999635 1.00556
0.537344 -0.843176 -0.0178757 141.764 0.843263 0.536825 0.0274512 96.4331 -0.013545 -0.029829 0.999477 1.01451
0.530246 -0.847615 -0.0201108 142.301 0.847729 0.529603 0.0296825 97.3241 -0.0145098 -0.0327896 0.999367 1.00024
0.52351 -0.851929 -0.0125174 142.748 0.851813 0.523003 0.0297563 98.0502 -0.0188034 -0.0262403 0.999481 1.00438
0.512576 -0.858635 0.00531218 143.621 0.858369 0.512577 0.0221499 99.475 -0.0217387 -0.00679471 0.99976 0.991391
0.508259 -0.861136 0.013254 143.934 0.860831 0.5084 0.0225952 99.9946 -0.0262024 -8.33906e-05 0.999689 0.987971
0.502053 -0.864742 0.0129162 144.454 0.86477 0.502153 0.00595275 100.874 -0.0116318 0.00817531 0.999909 0.977452
0.497256 -0.867543 0.0119994 144.86 0.867586 0.497311 -0.000321941 101.519 -0.0056913 0.0105711 0.999959 0.977862
0.491588 -0.870936 0.00181522 145.327 0.870827 0.49158 0.00435781 102.326 -0.00470274 -0.000566436 1.00009 0.981384
0.486862 -0.873483 -0.00394733 145.742 0.873367 0.486717 0.0183631 103.076 -0.0141195 -0.0123881 0.999835 0.965437
0.482666 -0.87583 0.00202907 146.053 0.87537 0.48244 0.0318842 103.661 -0.0289088 -0.0136262 0.99953 0.96097
0.477657 -0.878544 0.00503923 146.546 0.877993 0.477565 0.0327822 104.606 -0.0312062 -0.0112345 0.999467 0.94951
0.476035 -0.879426 0.000809992 146.91 0.879129 0.475897 0.0256064 105.317 -0.0229045 -0.0114779 0.999672 0.926205
0.474642 -0.880143 -0.00828659 147.271 0.880107 0.474467 0.0174678 106.032 -0.0114384 -0.0155862 0.999822 0.917422
0.473653 -0.88061 -0.0133967 147.606 0.880682 0.473455 0.0155319 106.699 -0.00733484 -0.0191542 0.99979 0.927741
0.472113 -0.881454 -0.0127544 148.077 0.881545 0.471993 0.0106358 107.588 -0.00335698 -0.0162704 0.999875 0.958682
0.471797 -0.881666 -0.00852651 148.443 0.881632 0.471607 0.017889 108.272 -0.0117521 -0.0159555 0.999808 0.974605
0.471373 -0.881918 -0.00533284 148.85 0.8817 0.471097 0.0260121 109.005 -0.0204281 -0.0169642 0.99965 0.966831
0.469767 -0.882796 -0.00105072 149.303 0.88256 0.469635 0.0237202 109.868 -0.0204504 -0.012068 0.999739 0.950077
0.46844 -0.883508 0.00280135 149.681 0.883358 0.46843 0.0161328 110.559 -0.0155639 -0.00508269 0.999885 0.926631
0.467081 -0.884198 0.00540259 150.11 0.884217 0.467078 -0.00232507 111.354 -0.000466214 0.00586092 0.999986 0.919279
0.465866 -0.884754 0.0138124 150.458 0.884857 0.46576 -0.00992172 111.984 0.00234621 0.0168455 0.999862 0.942325
0.465109 -0.885239 0.00910132 150.873 0.885255 0.465025 -0.00866907 112.767 0.00343774 0.0120867 0.99995 0.980758
0.463644 -0.885969 0.00972084 151.149 0.886014 0.463744 0.00719357 113.313 -0.0108758 0.00526667 0.999992 0.990719
0.461048 -0.887241 0.0168727 151.668 0.887245 0.461283 0.00899971 114.337 -0.0157759 0.0108243 0.999873 1.02034
0.460088 -0.887578 0.0237597 151.996 0.887729 0.46034 0.00567597 115.003 -0.0159766 0.0184807 0.999726 1.0225
0.460473 -0.887567 0.0149877 152.48 0.887674 0.460471 -0.00254753 115.984 -0.00464415 0.014473 0.999904 0.992589
0.461 -0.887348 0.00970562 152.749 0.887392 0.461033 0.00033288 116.545 -0.00477194 0.00846102 0.999962 0.994562
0.46118 -0.887305 0.00312931 153.209 0.887331 0.461172 -0.00125098 117.45 -0.000332654 0.00334875 1.00002 0.999321
0.460501 -0.887659 0.000779262 153.562 0.887648 0.4605 0.00476265 118.14 -0.00458634 -0.00150158 0.99999 1.00542
0.459865 -0.887989 0.000572715 153.84 0.88792 0.459832 0.0144905 118.684 -0.0131297 -0.00615801 0.999924 1.00204
0.459093 -0.888393 -0.000219582 154.331 0.888345 0.459086 0.0112756 119.656 -0.00991775 -0.00537053 0.999962 1.00689
0.458014 -0.888948 0.00202304 154.662 0.88889 0.458005 0.0103965 120.326 -0.01017 -0.00296499 0.999949 1.01534
0.45725 -0.889339 -9.49465e-05 154.987 0.889314 0.457236 0.00746784 120.991 -0.00659806 -0.00349916 0.999973 1.02149
0.456517 -0.889701 -0.00657841 155.347 0.8897 0.456463 0.00932041 121.734 -0.00529063 -0.0101076 0.99995 1.01979
0.455367 -0.89028 -0.00646683 155.706 0.890217 0.455197 0.0186907 122.431 -0.0136962 -0.014268 0.999824 1.00106
0.454142 -0.890943 -0.00268735 156.103 0.890744 0.453945 0.0229622 123.205 -0.0192407 -0.0128271 0.999757 0.995771
0.45264 -0.891732 0.00488908 156.476 0.891414 0.452602 0.0231344 123.932 -0.0228554 -0.00612042 0.999766 1.01773
0.451511 -0.892241 0.0101693 156.822 0.892048 0.451657 0.0170821 124.624 -0.0198499 0.00136164 0.999847 1.05005
0.45257 -0.891713 0.00570272 157.165 0.891668 0.452601 0.0107302 125.304 -0.0121493 0.000228798 0.999945 1.02689
0.453579 -0.891224 -0.000588836 157.461 0.891202 0.453552 0.00748979 125.94 -0.00640682 -0.00391976 0.999982 1.01585
0.454392 -0.890785 -0.00641084 157.763 0.890801 0.454354 0.00616664 126.547 -0.00257728 -0.00851067 0.999965 0.995528
0.456211 -0.889818 -0.00983265 158.067 0.889872 0.45619 0.00443488 127.146 0.00053931 -0.0107726 0.999942 0.984255
0.459675 -0.887991 -0.0130425 158.362 0.888085 0.459662 0.00415033 127.747 0.00230945 -0.01349 0.999907 0.983875
0.464331 -0.885553 -0.0141821 158.659 0.885677 0.464272 0.00702091 128.344 0.000367188 -0.0158132 0.999887 0.9807
0.470154 -0.882534 -0.0116033 158.963 0.882627 0.469938 0.0149847 128.905 -0.00776902 -0.0172596 0.999887 0.976382
0.475618 -0.879616 -0.00993045 159.278 0.879594 0.4753 0.0220476 129.469 -0.0146723 -0.019205 0.999763 0.988708
0.481087 -0.876598 -0.0117328 159.581 0.876557 0.480742 0.0233826 130.032 -0.0148561 -0.0215294 0.999666 0.991702
0.486807 -0.873394 -0.0143295 159.885 0.873462 0.486545 0.0185864 130.6 -0.00925898 -0.0215654 0.99973 0.997991
0.493321 -0.86966 -0.0181221 160.199 0.869856 0.493199 0.0114542 131.177 -0.00101962 -0.0214186 0.999782 0.999337
0.500508 -0.865398 -0.0240755 160.547 0.865704 0.500538 0.00530056 131.809 0.00746251 -0.0234938 0.999701 0.995344
0.506637 -0.861888 -0.0219104 160.834 0.862155 0.506599 0.00732146 132.307 0.00479184 -0.0225945 0.999741 1.02397
0.51184 -0.858924 -0.0166275 161.156 0.859083 0.511751 0.00937687 132.865 0.000456652 -0.0190824 0.999822 1.05946
0.518283 -0.855173 -0.00821008 161.605 0.855221 0.518225 0.0078794 133.566 -0.00248398 -0.011102 0.999949 1.09123
0.52297 -0.852355 -0.00124009 161.904 0.852322 0.522927 0.0102605 134.005 -0.0080965 -0.00641725 0.999953 1.09179
0.52618 -0.850385 -0.00257856 162.324 0.850384 0.526139 0.00669806 134.654 -0.00433422 -0.00570322 0.999991 1.09619
0.52667 -0.850066 -0.00308616 162.62 0.850048 0.526624 0.00933459 135.13 -0.00631026 -0.00754083 0.999952 1.08587
0.526157 -0.850392 -0.000792904 162.89 0.850319 0.526086 0.0143592 135.572 -0.0117942 -0.00823427 0.999907 1.08641
0.525522 -0.850781 -0.000910563 163.331 0.850713 0.525457 0.0140196 136.304 -0.0114493 -0.00814177 0.99991 1.09356
0.525792 -0.850614 0.00133026 163.577 0.850438 0.525704 0.0203754 136.721 -0.0180314 -0.00957969 0.999805 1.09149
0.525849 -0.850551 -0.00695742 164.009 0.850474 0.525634 0.0201618 137.443 -0.0134916 -0.0165194 0.999775 1.07858
0.525255 -0.850829 -0.0140442 164.295 0.850915 0.525022 0.0172616 137.916 -0.00731329 -0.0210167 0.999753 1.05934
0.523316 -0.85189 -0.0206303 164.703 0.852114 0.523371 0.00372719 138.585 0.00762125 -0.0195289 0.999795 1.0514
0.520477 -0.853732 -0.0163323 164.968 0.853826 0.52056 -0.00138769 139.009 0.00968135 -0.0132262 0.999875 1.08073
0.516308 -0.856255 -0.0162874 165.366 0.856366 0.516376 0.000535932 139.697 0.00795134 -0.0142246 0.999877 1.11742
0.512893 -0.85832 -0.015142 165.667 0.858447 0.512743 0.0127732 140.27 -0.00319941 -0.0195498 0.999805 1.13701
0.510197 -0.86008 -0.00399503 165.934 0.859866 0.509891 0.0262037 140.734 -0.0205023 -0.0168109 0.999698 1.15075
0.499441 -0.866347 0.00328268 167.405 0.866037 0.499345 0.0256042 143.296 -0.0238217 -0.00995107 0.999681 1.09196
0.495824 -0.868397 0.00713392 168.138 0.868427 0.495859 0.00435217 144.527 -0.00731533 0.00403173 0.999997 1.06942
0.494872 -0.868866 0.0139748 168.549 0.868959 0.494902 -3.90206e-05 145.192 -0.00688374 0.0121584 0.999922 1.07709
0.493773 -0.86935 0.0204942 168.892 0.869481 0.49396 0.00493586 145.756 -0.0144149 0.0153839 0.999787 1.07838
0.492953 -0.869712 0.0245757 169.16 0.869839 0.493272 0.00919936 146.21 -0.0201233 0.0168412 0.99967 1.07021
