0.477164 -0.878631 0.01794 1.09818 0.878809 0.477131 -0.00631806 1.31736 -0.00300848 0.0187806 0.999819 0.787479
0.475808 -0.87942 0.0151019 1.51541 0.879548 0.47576 -0.00685138 2.09114 -0.00115964 0.0165428 0.999862 0.788672
0.474371 -0.880242 0.0120675 1.935 0.880324 0.474344 -0.00526076 2.87404 -0.0010934 0.0131189 0.999913 0.791724
0.473179 -0.880892 0.0114663 2.35717 0.880959 0.473187 -0.00218026 3.66652 -0.00350513 0.011133 0.999932 0.794979
0.471747 -0.881659 0.0115162 2.78079 0.881706 0.471796 0.00185287 4.46991 -0.00706687 0.00927977 0.999932 0.796765
0.470534 -0.88232 0.0104921 3.20436 0.882319 0.470609 0.00638837 5.28579 -0.0105743 0.00625145 0.999925 0.797839
0.46898 -0.883178 0.00728624 3.62659 0.883112 0.469035 0.0109339 6.11484 -0.0130741 0.00130677 0.999914 0.798588
0.467624 -0.883916 0.00441376 4.04703 0.883813 0.467638 0.0137872 6.95485 -0.0142508 -0.00254629 0.999895 0.800794
0.46647 -0.884535 0.00205467 4.46929 0.884395 0.466435 0.0168636 7.8032 -0.0158748 -0.00604921 0.999856 0.806541
0.465878 -0.884849 -0.000894582 4.89333 0.884647 0.465749 0.0218571 8.65831 -0.0189235 -0.0109741 0.999761 0.814388
0.465948 -0.884806 -0.00332608 5.32024 0.884529 0.4657 0.0270631 9.51931 -0.0223967 -0.015552 0.999628 0.82189
0.466602 -0.884451 -0.00537025 5.74786 0.884129 0.466247 0.0304843 10.3805 -0.024458 -0.018972 0.999521 0.828575
0.467681 -0.883864 -0.00771471 6.17488 0.88356 0.467244 0.0316871 11.2421 -0.0244024 -0.0216359 0.999468 0.835027
0.468615 -0.883321 -0.0119756 6.60554 0.883154 0.468119 0.0300628 12.1046 -0.0209491 -0.0246642 0.999476 0.841699
0.469313 -0.882854 -0.0176946 7.04378 0.882917 0.468836 0.0254948 12.9666 -0.0142123 -0.0275879 0.999518 0.858775
0.469788 -0.88241 -0.0255206 7.57483 0.882779 0.469587 0.0137298 13.9917 -0.000131188 -0.0289792 0.99958 0.889741
0.470382 -0.882111 -0.0249234 7.92139 0.882462 0.470238 0.0117191 14.6513 0.00138236 -0.0275064 0.999621 0.927074
0.470585 -0.882058 -0.022859 8.37535 0.882354 0.47043 0.0120969 15.5191 8.33967e-05 -0.0258623 0.999665 0.955483
0.470054 -0.88241 -0.02004 8.82956 0.882631 0.469843 0.0144763 16.3921 -0.00335833 -0.0244926 0.999694 0.972404
0.469159 -0.882998 -0.0142829 9.29079 0.883105 0.469019 0.0121391 17.2638 -0.00401987 -0.0183085 0.999824 0.983705
0.467299 -0.884016 -0.0121307 9.81334 0.884092 0.467306 0.00244264 18.2506 0.00350943 -0.0118662 0.999923 0.992068
0.46617 -0.884615 -0.011872 10.2033 0.884672 0.466213 -0.00103521 18.9902 0.00645063 -0.0100202 0.999929 1.00373
0.464526 -0.885463 -0.0130562 10.6681 0.885511 0.464604 -0.00355545 19.8762 0.00921416 -0.00990977 0.999908 1.02265
0.463167 -0.886178 -0.0128163 11.1305 0.886218 0.463249 -0.00423025 20.765 0.00968591 -0.00939873 0.999909 1.04294
0.462205 -0.886689 -0.0122014 11.5983 0.886746 0.462254 -0.00140566 21.6587 0.00688651 -0.0101698 0.999925 1.05855
0.461205 -0.88721 -0.0121626 12.0635 0.887282 0.461227 0.00112551 22.5549 0.00461114 -0.0113107 0.999925 1.06688
0.460253 -0.887709 -0.0118157 12.5229 0.887786 0.460242 0.00380057 23.4564 0.0020643 -0.0122391 0.999923 1.06935
0.459786 -0.887973 -0.00999058 12.9835 0.888029 0.459745 0.00625894 24.3592 -0.000964649 -0.0117497 0.999931 1.07181
0.459574 -0.888059 -0.0119261 13.4421 0.888127 0.459455 0.0114569 25.2627 -0.0046949 -0.0158572 0.999863 1.06846
0.459657 -0.887987 -0.0139118 13.9025 0.888074 0.459478 0.0143101 26.1661 -0.006315 -0.0189324 0.999801 1.05867
0.459437 -0.888106 -0.01364 14.3649 0.88819 0.459268 0.0138491 27.0635 -0.00603507 -0.0184777 0.999811 1.05022
0.458903 -0.888292 -0.0185693 14.8748 0.888486 0.458817 0.00887971 28.0637 0.000632125 -0.0205735 0.999788 1.04549
0.458812 -0.888328 -0.0190861 15.2557 0.888533 0.458722 0.00911972 28.8132 0.000653897 -0.0211429 0.999776 1.04546
0.455128 -0.890145 -0.0223456 16.2929 0.890375 0.455226 0.000777752 30.854 0.00947999 -0.02025 0.99975 1.05014
0.454689 -0.890305 -0.0247781 16.6596 0.890576 0.454834 -0.00023808 31.5853 0.0114819 -0.0219585 0.999693 1.05042
0.455294 -0.89 -0.0246374 16.9863 0.890305 0.455352 0.0035077 32.2388 0.00809682 -0.0235318 0.99969 1.04734
0.455594 -0.889852 -0.0244336 17.4447 0.890161 0.45562 0.00481689 33.1421 0.0068461 -0.0239444 0.99969 1.05382
0.45483 -0.890251 -0.0241415 18.0004 0.89055 0.454865 0.00436698 34.2307 0.0070934 -0.0234854 0.999699 1.06664
0.454056 -0.890705 -0.0218492 18.4788 0.89094 0.454113 0.00253455 35.1642 0.0076645 -0.0206172 0.999758 1.07729
0.453881 -0.890831 -0.020321 18.8771 0.891032 0.453936 0.0020566 35.9576 0.00739238 -0.0190401 0.999791 1.07835
0.453945 -0.890854 -0.017706 19.2829 0.891004 0.453993 0.00145558 36.7653 0.00674171 -0.0164369 0.999842 1.07534
0.453484 -0.891146 -0.0144941 19.7319 0.891231 0.453548 -0.00131233 37.6344 0.00774325 -0.0123225 0.999894 1.07593
0.454259 -0.890826 -0.00882936 20.0107 0.890869 0.454221 0.00601598 38.1766 -0.00134872 -0.0105986 0.999943 1.07313
0.453299 -0.891353 -0.00306022 20.5994 0.891339 0.453263 0.00825304 39.3297 -0.00596929 -0.00646879 0.999961 1.07405
0.453909 -0.891039 0.00405053 20.9049 0.890894 0.45391 0.016553 39.928 -0.016588 -0.00390498 0.999855 1.07247
0.453446 -0.891263 0.00609988 21.4664 0.891026 0.453469 0.0209547 41.0313 -0.0214422 -0.00406667 0.999762 1.05564
0.453708 -0.891117 0.00763599 21.7891 0.890775 0.453749 0.0251455 41.674 -0.0258724 -0.00460676 0.999655 1.03694
0.451927 -0.892054 0.000589259 22.3362 0.891924 0.451872 0.0168355 42.767 -0.0152845 -0.00708286 0.999858 1.01072
0.450672 -0.892674 -0.00530335 22.7605 0.89267 0.450614 0.00935313 43.6178 -0.00595952 -0.00894934 0.999942 1.00839
0.450854 -0.89256 -0.00823668 23.4488 0.892481 0.450626 0.0203514 45.0104 -0.0144532 -0.0165266 0.999759 1.01258
0.447669 -0.894072 -0.0150655 24.3847 0.89414 0.447383 0.0190225 46.8921 -0.0102674 -0.0219865 0.999706 0.995521
0.448013 -0.893932 -0.0130355 24.624 0.893882 0.447631 0.0245109 47.3898 -0.0160759 -0.0226334 0.999615 1.00061
0.447277 -0.894309 -0.0124457 25.0232 0.894168 0.446805 0.0287933 48.2027 -0.0201893 -0.0240071 0.999508 1.00062
0.446298 -0.894797 -0.0125081 25.4219 0.894624 0.445787 0.0303573 49.0222 -0.0215877 -0.0247384 0.999461 0.998245
0.445308 -0.895301 -0.011653 25.7781 0.895093 0.444801 0.031009 49.7572 -0.0225792 -0.0242391 0.999451 0.998355
0.443181 -0.896297 -0.0155548 26.2371 0.896252 0.442677 0.0277373 50.7081 -0.0179751 -0.0262337 0.999494 0.996921
0.442892 -0.896444 -0.0153455 26.4628 0.896326 0.442301 0.0311409 51.1913 -0.0211287 -0.0275466 0.999397 1.00546
0.440666 -0.897469 -0.0190328 26.9121 0.897478 0.440032 0.0300671 52.1241 -0.0186093 -0.0303311 0.999367 0.999494
0.439235 -0.89804 -0.0244398 27.2095 0.898273 0.438619 0.0268085 52.7551 -0.0133554 -0.0337288 0.999342 0.998871
0.438972 -0.898104 -0.0266999 27.4203 0.898431 0.438375 0.0254746 53.2144 -0.0111742 -0.0351707 0.999319 0.998384
0.438027 -0.898484 -0.0293202 27.737 0.898948 0.437607 0.0198196 53.8882 -0.00497688 -0.0350388 0.999374 1.00387
0.437361 -0.898719 -0.0319217 28.0424 0.899286 0.437046 0.0166127 54.5424 -0.000978881 -0.0359725 0.999352 1.01912
0.436357 -0.899068 -0.0356258 28.4314 0.899771 0.436104 0.0149926 55.367 0.00205718 -0.0385972 0.999253 1.03754
0.435634 -0.899382 -0.036548 28.6843 0.900124 0.435298 0.0170932 55.9164 0.000535985 -0.0403441 0.999186 1.05004
0.435504 -0.899551 -0.0338194 28.8702 0.900182 0.435063 0.01983 56.3159 -0.0031245 -0.0390796 0.999231 1.05304
0.435265 -0.89982 -0.0294549 29.1493 0.9003 0.434952 0.016637 56.9042 -0.0021588 -0.0337598 0.999428 1.0561
0.435572 -0.899723 -0.0278599 29.5064 0.900104 0.435665 0.00294564 57.6531 0.00948732 -0.0263598 0.999608 1.06175
0.437106 -0.89903 -0.0261318 29.653 0.899379 0.437147 0.00443376 57.9696 0.00743735 -0.0254404 0.999649 1.07228
0.448708 -0.893372 -0.023408 30.413 0.893671 0.448446 0.0157286 59.507 -0.00355426 -0.0279766 0.999602 1.09152
0.455011 -0.890343 -0.0159822 30.6636 0.890426 0.454698 0.0197888 60.0102 -0.0103518 -0.0232351 0.999676 1.09706
0.467176 -0.883979 -0.0181115 30.9746 0.884133 0.466889 0.017988 60.638 -0.00744493 -0.0244166 0.999674 1.09127
0.48632 -0.873508 -0.0218367 31.3673 0.873716 0.485828 0.0243183 61.365 -0.0106333 -0.0309056 0.999466 1.08669
0.502903 -0.86411 -0.0200472 31.6322 0.864268 0.502417 0.0248684 61.7924 -0.011417 -0.0298326 0.99949 1.08552
0.52339 -0.851948 -0.0157386 31.8896 0.852027 0.523032 0.0220559 62.1885 -0.0105586 -0.0249536 0.999633 1.08585
0.546757 -0.83721 -0.0116195 32.145 0.837237 0.546511 0.0190028 62.5625 -0.00955918 -0.0201182 0.999752 1.08755
0.575329 -0.817867 -0.0095209 32.4208 0.817888 0.57516 0.0158172 62.951 -0.00746032 -0.0168871 0.99983 1.09122
0.600728 -0.799422 -0.00706594 32.6544 0.799424 0.600607 0.0138413 63.2544 -0.00682119 -0.0139635 0.999879 1.09308
0.63188 -0.775051 -0.00489682 32.9276 0.775045 0.631803 0.0114263 63.5838 -0.00576214 -0.0110153 0.999923 1.09144
0.665951 -0.745994 -0.00171153 33.2209 0.745978 0.665918 0.00840591 63.8922 -0.00513101 -0.0068747 0.999963 1.08931
0.702022 -0.712155 0.00101913 33.5309 0.712142 0.702017 0.00502041 64.1751 -0.00429075 -0.00279867 0.999987 1.08666
0.743809 -0.66839 0.00149906 33.8805 0.668391 0.74381 -0.000285976 64.4532 -0.000923867 0.00121467 0.999999 1.08312
0.778501 -0.627632 0.00383132 34.1841 0.627644 0.778484 -0.00504329 64.6486 0.000182708 0.0063309 0.99998 1.0782
0.816628 -0.577136 0.00577457 34.532 0.577164 0.81657 -0.00979139 64.8437 0.000935629 0.0113288 0.999935 1.06947
0.852991 -0.521883 0.00665796 34.8877 0.521923 0.852881 -0.0138131 65.0098 0.00153037 0.0152574 0.999882 1.05572
0.886687 -0.462304 0.00778578 35.2496 0.462366 0.886489 -0.0188484 65.1467 0.00181168 0.0203125 0.999792 1.04341
0.923928 -0.382534 0.00493764 35.6982 0.382539 0.923631 -0.0238655 65.2816 0.0045688 0.0239388 0.999703 1.03276
0.941273 -0.337559 0.00763461 35.9668 0.337644 0.940949 -0.0247257 65.3379 0.0011626 0.0258514 0.999665 1.02446
0.963958 -0.265887 0.00943433 36.3895 0.266037 0.963691 -0.0228884 65.4169 -0.00300604 0.0245734 0.999694 1.01288
0.97751 -0.210554 0.0118925 36.7266 0.210761 0.977329 -0.0201908 65.4635 -0.00737164 0.0222432 0.999725 1.00144
0.989599 -0.143318 0.0124255 37.1365 0.143539 0.989457 -0.0192743 65.4961 -0.00953217 0.0208573 0.999737 0.987918
0.996295 -0.084998 0.0130644 37.5058 0.0852469 0.996162 -0.0198441 65.5078 -0.0113276 0.0208843 0.999718 0.974738
0.999709 -0.0211781 0.0115406 37.9219 0.0213835 0.99961 -0.0179766 65.5025 -0.0111554 0.0182182 0.999772 0.965003
0.999495 0.0298235 0.0109368 38.2756 -0.0296948 0.99949 -0.0117429 65.4902 -0.0112814 0.0114122 0.999871 0.960395
0.99646 0.083504 0.00972821 38.66 -0.0834609 0.9965 -0.00475772 65.4607 -0.0100914 0.00392895 0.999941 0.954598
0.990953 0.134006 0.00741952 39.0311 -0.133995 0.99098 -0.00199426 65.4087 -0.00761984 0.000982041 0.99997 0.935858
0.983161 0.182621 0.00657829 39.4238 -0.182554 0.983149 -0.00961662 65.3259 -0.00822363 0.0082538 0.999932 0.906955
0.975116 0.221558 0.00776548 39.7861 -0.221425 0.975061 -0.015059 65.2445 -0.0109083 0.0129649 0.999856 0.878338
0.966578 0.256271 0.00723381 40.16 -0.256164 0.966545 -0.0131104 65.1583 -0.0103516 0.0108192 0.999888 0.860136
0.95793 0.286976 0.00394614 40.5305 -0.286967 0.957937 -0.00274131 65.0702 -0.00456684 0.00149357 0.999988 0.860449
0.949038 0.315153 0.00226348 40.9072 -0.31516 0.948991 0.0095121 64.969 0.000849748 -0.0097407 0.999952 0.869943
0.940124 0.340831 0.000524087 41.2857 -0.340796 0.940002 0.0159307 64.8517 0.00493705 -0.0151555 0.999873 0.879105
0.931358 0.364099 -0.0018102 41.6709 -0.364021 0.931241 0.0167266 64.721 0.00777587 -0.0149195 0.999858 0.88113
0.922306 0.386351 -0.00915568 42.0951 -0.386197 0.922294 0.0150526 64.5659 0.0142598 -0.0103472 0.999845 0.869298
0.915624 0.401736 -0.0154916 42.4594 -0.40154 0.91573 0.0142878 64.4251 0.0199261 -0.00686173 0.999778 0.858205
0.908268 0.417942 -0.019322 42.8696 -0.417699 0.908454 0.0154555 64.2518 0.0240126 -0.00596697 0.999694 0.862782
0.901501 0.432492 -0.0156829 43.2904 -0.432274 0.901609 0.0154982 64.0605 0.0208427 -0.00719232 0.999757 0.882025
0.895093 0.445757 -0.0104348 43.7214 -0.445611 0.895122 0.0137133 63.8561 0.0154532 -0.00762485 0.999852 0.900029
0.888824 0.458194 -0.00710639 44.1618 -0.458115 0.888832 0.0104305 63.6383 0.0110956 -0.00601534 0.99992 0.90756
0.882924 0.469482 -0.00566933 44.6114 -0.469452 0.882938 0.00592735 63.4038 0.00778846 -0.00257192 0.999966 0.904558
0.877663 0.479241 -0.00599944 45.0726 -0.479242 0.877682 0.00148666 63.1485 0.00597807 0.0015704 0.999981 0.898683
0.873208 0.487298 -0.00700453 45.5455 -0.487319 0.873223 -0.00154935 62.883 0.00536152 0.00476634 0.999974 0.892957
0.869913 0.493144 -0.00778771 46.029 -0.493178 0.869922 -0.00332316 62.6095 0.00513591 0.00673159 0.999964 0.885481
0.866626 0.498798 -0.0126475 46.6128 -0.498863 0.866678 -0.00236318 62.2788 0.00978253 0.00835734 0.999917 0.880422
0.864666 0.502203 -0.0120077 47.0101 -0.502264 0.864711 -0.00246555 62.0547 0.00914499 0.00816291 0.999925 0.871518
0.862242 0.506382 -0.0107597 47.5473 -0.506439 0.86227 -0.00320931 61.7507 0.00765261 0.00821632 0.999937 0.861595
0.860648 0.509117 -0.00927215 48.1044 -0.50917 0.860654 -0.00456208 61.4367 0.00565749 0.00864744 0.999947 0.847043
0.859415 0.511222 -0.00758935 48.6759 -0.511263 0.859409 -0.0050701 61.1141 0.00393042 0.00823747 0.999958 0.830207
0.858326 0.513072 -0.00583748 49.259 -0.513099 0.858316 -0.00487877 60.784 0.00250725 0.00718278 0.999971 0.814817
0.857645 0.514201 -0.00650166 49.8497 -0.514238 0.857622 -0.00668161 60.4418 0.00214027 0.00907385 0.999957 0.801253
0.857889 0.513777 -0.00775504 50.4509 -0.513831 0.857846 -0.00881523 60.0922 0.00212358 0.0115473 0.999931 0.78765
0.858905 0.512064 -0.00851515 51.0722 -0.512132 0.858839 -0.0108194 59.7325 0.00177291 0.0136537 0.999905 0.774651
0.860765 0.508926 -0.0087753 51.7096 -0.508999 0.860693 -0.011335 59.3681 0.00178414 0.0142234 0.999897 0.762474
0.86316 0.504843 -0.0093827 52.3597 -0.504925 0.863088 -0.0113921 59.0014 0.00234685 0.0145708 0.999891 0.752662
0.865638 0.500584 -0.0092774 53.0233 -0.500665 0.865567 -0.0113241 58.6306 0.00236154 0.0144475 0.999893 0.744377
0.868376 0.495808 -0.00986645 53.7531 -0.495893 0.868326 -0.0100119 58.2261 0.00360334 0.0135868 0.999901 0.737806
0.8716 0.49009 -0.0111959 54.5707 -0.490161 0.87162 -0.00459075 57.7854 0.00750871 0.0094891 0.999927 0.728988
0.873276 0.487175 -0.00700988 55.0444 -0.487203 0.873284 -0.00296081 57.5454 0.00467918 0.00600084 0.999971 0.71249
0.876764 0.480831 -0.00930306 55.9753 -0.480813 0.876813 0.00414917 57.0574 0.0101521 0.000835196 0.999948 0.703496
0.879191 0.476252 -0.0143819 56.6795 -0.476116 0.879301 0.0119669 56.6939 0.0183453 -0.00367372 0.999825 0.698542
0.879854 0.475093 -0.0120169 57.1094 -0.474921 0.879906 0.0146697 56.4746 0.0175432 -0.00720015 0.99982 0.685613
0.880815 0.473118 -0.018006 58.1064 -0.472652 0.880896 0.024952 55.9506 0.0276666 -0.0134675 0.999526 0.695962
0.881177 0.472525 -0.0157302 58.7266 -0.471981 0.881129 0.0290673 55.6437 0.0275954 -0.018189 0.999454 0.700218
0.880996 0.473079 -0.00656979 59.2642 -0.472719 0.88073 0.029186 55.3828 0.0195935 -0.0226071 0.999552 0.696127
0.881415 0.472308 -0.00573107 60.2748 -0.471902 0.881051 0.0325086 54.8608 0.0204035 -0.0259491 0.999455 0.69948
0.881364 0.472438 0.000449311 60.7098 -0.472213 0.880913 0.0317318 54.6431 0.0145955 -0.0281794 0.999496 0.687092
0.881801 0.471619 0.0016335 62.4297 -0.4713 0.881065 0.0400015 53.7458 0.0174263 -0.0360432 0.999198 0.689623
0.881415 0.472281 0.00765615 62.9601 -0.472173 0.880546 0.0411227 53.4829 0.0126799 -0.0398612 0.999125 0.676481
0.880448 0.473922 0.0144971 63.6506 -0.474091 0.879482 0.0418118 53.1325 0.00706558 -0.0436861 0.99902 0.667542
0.878408 0.47764 0.0160902 64.6525 -0.477831 0.877144 0.0479105 52.6135 0.00877056 -0.0497734 0.998722 0.6666
0.876959 0.480014 0.0230059 65.1122 -0.480558 0.875684 0.0473503 52.3842 0.00258294 -0.0525799 0.998613 0.661052
0.873558 0.485941 0.0275191 66.0175 -0.48672 0.87213 0.0499287 51.9029 0.00026221 -0.0570097 0.998374 0.657251
0.870982 0.49026 0.0321858 66.5804 -0.491301 0.869585 0.0494549 51.6032 -0.00374259 -0.0588872 0.998258 0.653693
0.865986 0.499132 0.0305903 67.4776 -0.500068 0.864367 0.052935 51.108 -1.97105e-05 -0.0611382 0.998129 0.647409
0.862603 0.504832 0.0325583 68.0076 -0.505878 0.861029 0.0521295 50.815 -0.00171699 -0.0614376 0.998109 0.64132
0.8575 0.513341 0.0342623 68.7326 -0.514476 0.855947 0.0516708 50.3998 -0.00280194 -0.0619348 0.998076 0.63651
0.849279 0.52707 0.0303716 69.6878 -0.527931 0.847451 0.0558091 49.831 0.00367686 -0.0634316 0.997979 0.634241
0.846221 0.531812 0.0329634 70.0743 -0.532832 0.844523 0.0535787 49.5947 0.000655461 -0.0629034 0.998019 0.634816
0.838382 0.544242 0.0302657 70.9223 -0.545067 0.836635 0.0542567 49.0533 0.00420741 -0.0619846 0.998068 0.637301
0.834234 0.550491 0.0318211 71.4043 -0.551406 0.832609 0.0520909 48.7382 0.00218106 -0.0610024 0.998135 0.633189
0.826074 0.562866 0.027979 72.2376 -0.563506 0.824285 0.0549015 48.182 0.00783954 -0.0611191 0.9981 0.632358
0.822229 0.568383 0.0296731 72.692 -0.569125 0.820518 0.0533587 47.8761 0.00598089 -0.0607608 0.998134 0.628723
0.813554 0.580977 0.0244066 73.559 -0.581334 0.811652 0.0572024 47.2785 0.0134236 -0.0607256 0.998064 0.631653
0.81067 0.58491 0.0263624 73.921 -0.58541 0.808915 0.0543195 47.0191 0.0104471 -0.059468 0.998176 0.632062
0.802574 0.596111 0.0229525 74.7206 -0.59636 0.800746 0.0562181 46.4363 0.0151331 -0.0588072 0.998155 0.643471
0.799462 0.600173 0.0255451 75.117 -0.600613 0.79781 0.0525619 46.143 0.0111661 -0.0573639 0.998291 0.645549
0.793407 0.608139 0.0259273 75.8254 -0.608609 0.791877 0.0502611 45.6082 0.0100345 -0.0556571 0.9984 0.644861
0.78834 0.614783 0.0237108 76.5092 -0.615134 0.786903 0.0489306 45.0874 0.0114237 -0.0531592 0.998521 0.639599
0.785971 0.617824 0.0233028 76.9813 -0.618192 0.784749 0.044804 44.7121 0.00939419 -0.0496202 0.998724 0.633844
0.784829 0.619143 0.026576 77.379 -0.619703 0.783857 0.0391878 44.3981 0.00343107 -0.0472249 0.998878 0.625692
0.78269 0.621881 0.0256776 78.0982 -0.622401 0.781776 0.0379957 43.8323 0.00355466 -0.0457206 0.998948 0.616982
0.781901 0.62286 0.0260137 78.6024 -0.623395 0.781 0.0376619 43.4393 0.00314133 -0.0456647 0.998952 0.608561
0.781983 0.622639 0.028695 78.984 -0.6233 0.781211 0.0347488 43.1436 -0.000780843 -0.0450586 0.998984 0.597019
0.783854 0.62048 0.0240278 79.6841 -0.620934 0.783019 0.0363717 42.588 0.00375369 -0.0434298 0.999049 0.590289
0.785446 0.618385 0.0259725 79.9813 -0.61893 0.784742 0.0332465 42.3525 0.000177398 -0.0421885 0.99911 0.585545
0.791165 0.611151 0.0234985 80.6209 -0.611596 0.790398 0.0349368 41.8525 0.00277851 -0.0420124 0.999113 0.585614
0.797107 0.603413 0.0226549 81.051 -0.603825 0.796279 0.0365266 41.5334 0.004001 -0.0427952 0.999076 0.593542
0.801891 0.596942 0.0251276 81.3727 -0.59747 0.801121 0.0351279 41.3084 0.000839084 -0.0431817 0.999067 0.603347
0.815162 0.578802 0.0223629 81.995 -0.579215 0.814217 0.0395084 40.8812 0.00465926 -0.0451587 0.998969 0.614005
0.833882 0.551445 0.0234378 82.6958 -0.551932 0.832841 0.041796 40.4519 0.0035282 -0.047789 0.998851 0.623345
0.863713 0.503371 0.0248599 83.6348 -0.503984 0.862679 0.0422476 39.9405 -0.000179902 -0.0490188 0.998798 0.640114
0.881172 0.471965 0.0280094 84.1312 -0.472758 0.880298 0.0396878 39.7046 -0.00592537 -0.0482135 0.99882 0.655227
0.918054 0.394958 0.0344322 85.103 -0.396121 0.917382 0.0387132 39.3473 -0.0162974 -0.0491801 0.998657 0.666853
0.953146 0.299647 0.0415383 86.095 -0.301339 0.952537 0.043214 39.125 -0.0266178 -0.0537063 0.998202 0.671841
0.973596 0.225319 0.0366332 86.7005 -0.226882 0.972822 0.0462936 39.0585 -0.0252067 -0.0533827 0.998256 0.670106
0.982607 0.182319 0.0352648 87.0481 -0.183807 0.981935 0.044921 39.0497 -0.0264378 -0.0506216 0.998368 0.673218
0.992627 0.117215 0.0308636 87.5509 -0.11845 0.992079 0.04181 39.0437 -0.0257184 -0.0451575 0.998649 0.67808
0.998527 0.0488313 0.0236539 88.0455 -0.0496883 0.998075 0.0371105 39.0664 -0.0217962 -0.0382311 0.999031 0.687172
0.999632 -0.021795 0.0161257 88.5312 0.0212462 0.999214 0.0334553 39.1215 -0.0168422 -0.0331004 0.99931 0.699201
0.986731 -0.162266 0.00555428 89.4806 0.162013 0.986281 0.0316453 39.3374 -0.010613 -0.0303256 0.999484 0.706469
0.93146 -0.363795 0.00597063 90.8319 0.363539 0.931226 0.0256356 39.896 -0.0148861 -0.021708 0.999654 0.734221
0.873795 -0.486133 0.012545 91.6704 0.485724 0.873729 0.0258789 40.4139 -0.0235415 -0.0165194 0.999586 0.752439
0.809553 -0.586885 0.0137615 92.4294 0.586477 0.809578 0.0250611 40.9937 -0.025849 -0.0122175 0.999591 0.766407
0.766388 -0.642368 0.00371459 92.8624 0.642203 0.7663 0.0189582 41.3664 -0.0150246 -0.0121438 0.999813 0.783621
0.749679 -0.661801 0.000738831 93.0577 0.66173 0.749615 0.0138432 41.524 -0.00971526 -0.00988904 0.999904 0.793113
0.724911 -0.688834 -0.00333149 93.404 0.688822 0.724843 0.0112764 41.854 -0.00535277 -0.0104692 0.999931 0.784837
0.704682 -0.709518 -0.00272762 93.7477 0.709523 0.70467 0.00415984 42.1895 -0.00102941 -0.00486667 0.999988 0.785693
0.690058 -0.723754 0.000200383 94.0859 0.72375 0.690052 -0.0036402 42.5284 0.00249633 0.00265697 0.999993 0.798054
0.679689 -0.733499 0.00163623 94.4338 0.733477 0.679647 -0.00954654 42.871 0.00589032 0.00768881 0.999953 0.81985
0.67199 -0.740558 -0.00176096 94.7802 0.740501 0.671965 -0.0110358 43.2246 0.00935594 0.00611195 0.999938 0.838895
0.666459 -0.74551 -0.00680663 95.1253 0.745441 0.666492 -0.0102964 43.5893 0.0122127 0.0017882 0.999924 0.857867
0.66198 -0.749281 -0.0189869 95.5742 0.749185 0.66223 -0.0131671 44.0817 0.0224395 -0.00550836 0.999733 0.885345
0.66218 -0.749067 -0.0204243 95.7981 0.74898 0.662462 -0.0131502 44.3234 0.0233808 -0.00658963 0.999705 0.905111
0.663465 -0.747922 -0.0206593 96.1635 0.747793 0.663764 -0.0149545 44.7202 0.0248976 -0.00552705 0.999675 0.93053
0.672762 -0.739533 -0.0219335 97.3194 0.739032 0.673116 -0.0273145 45.9525 0.0349638 0.00216667 0.999386 1.00039
0.68452 -0.72894 -0.00890662 98.6094 0.728824 0.684573 -0.0132864 47.2752 0.0157822 0.00260344 0.999872 1.05989
0.690584 -0.723219 0.00690582 99.5376 0.723251 0.690534 -0.00837164 48.1903 0.00128583 0.010776 0.999941 1.05768
0.693189 -0.720609 0.0145353 100.496 0.720751 0.692972 -0.0175363 49.1219 0.00256424 0.0226323 0.999741 1.0533
0.693897 -0.719953 0.0132046 100.995 0.72003 0.693537 -0.0237246 49.6017 0.00792268 0.0259702 0.999631 1.05134
0.693717 -0.720174 0.0103283 101.499 0.720161 0.693339 -0.0254874 50.1048 0.0111943 0.0251191 0.999622 1.05401
0.692735 -0.721103 0.0113131 102.002 0.721119 0.692357 -0.0250995 50.6111 0.0102666 0.0255453 0.999621 1.05485
0.691953 -0.721737 0.0171997 102.512 0.721932 0.691622 -0.0217466 51.1238 0.00379962 0.0274646 0.999616 1.05925
0.691039 -0.72238 0.0251438 103.039 0.722797 0.690864 -0.0165072 51.6455 -0.00544646 0.029581 0.999548 1.05679
0.690144 -0.723157 0.0273051 103.568 0.723612 0.69008 -0.0132281 52.1755 -0.00927675 0.0288876 0.99954 1.05162
0.689639 -0.723774 0.0234589 104.094 0.724116 0.689572 -0.0121304 52.7139 -0.0073969 0.0253525 0.999651 1.0489
0.688376 -0.72513 0.0180272 104.618 0.725352 0.688218 -0.0148483 53.2604 -0.0016397 0.0232972 0.999727 1.05301
0.686164 -0.727288 0.0152302 105.155 0.727442 0.685933 -0.0179959 53.8232 0.00264134 0.0234273 0.999722 1.05914
0.684119 -0.729191 0.0161674 105.7 0.729365 0.683863 -0.018899 54.4032 0.00272474 0.0247211 0.999691 1.06414
0.681904 -0.731152 0.0205773 106.262 0.731442 0.681634 -0.0191824 54.9899 -9.08971e-07 0.0281317 0.999604 1.07053
0.679141 -0.733413 0.0295523 107.398 0.733984 0.678897 -0.0191493 56.1749 -0.00601865 0.034696 0.99938 1.07581
0.678948 -0.733361 0.034796 107.982 0.734141 0.67867 -0.0210766 56.7779 -0.00815827 0.0398551 0.999172 1.08185
0.679021 -0.733354 0.0335086 108.714 0.73411 0.678529 -0.0261039 57.5546 -0.00359313 0.0423241 0.999098 1.08426
0.679589 -0.732827 0.0335084 109.088 0.733574 0.679188 -0.0239226 57.951 -0.00522734 0.0408385 0.999152 1.08447
0.680595 -0.732288 0.023346 109.798 0.732656 0.680135 -0.02513 58.7113 0.00252393 0.0342079 0.999412 1.0871
0.681553 -0.731503 0.0197181 110.211 0.731765 0.681218 -0.0214872 59.1565 0.00228563 0.0290736 0.999575 1.09179
0.683861 -0.729547 0.00973737 110.95 0.729591 0.68368 -0.0166654 59.9459 0.00550095 0.0185011 0.999814 1.09843
0.685982 -0.727553 0.00980853 111.367 0.727619 0.685911 -0.00986579 60.387 0.000450106 0.0139046 0.999903 1.09682
0.689129 -0.724615 0.00586481 112.134 0.724634 0.689074 -0.00905978 61.1967 0.00252356 0.0104932 0.999942 1.09725
0.692408 -0.721299 0.0173052 113.751 0.721501 0.6923 -0.0125777 62.8709 -0.00290811 0.0211946 0.999771 1.11501
0.697996 -0.715755 0.0222871 117.4 0.71603 0.698028 -0.00760495 66.6178 -0.0101138 0.0212665 0.999723 1.08609
0.698071 -0.715364 0.0308552 119.239 0.715962 0.697946 -0.0164206 68.4676 -0.0097886 0.0335539 0.999389 1.11002
0.696777 -0.716012 0.0427693 120.028 0.716789 0.697277 -0.00429551 69.2621 -0.0267464 0.0336496 0.999076 1.10562
0.696179 -0.716516 0.0440319 120.371 0.71722 0.696847 -0.000263213 69.6231 -0.0304949 0.0317638 0.99903 1.09236
0.695735 -0.717537 0.033083 120.955 0.71804 0.695983 -0.00520325 70.2372 -0.0192917 0.027375 0.999439 1.08147
0.694139 -0.719546 0.0205903 122.13 0.719839 0.693924 -0.0173772 71.4581 -0.00178441 0.0268839 0.999637 1.08487
0.687192 -0.726162 0.0213775 123.856 0.726476 0.686931 -0.0189476 73.2785 -0.000925881 0.0285509 0.999592 1.10812
0.68425 -0.729029 0.0178737 124.412 0.729247 0.684007 -0.0182463 73.8785 0.00107637 0.0255193 0.999674 1.12522
0.681417 -0.731886 0.00376592 125.132 0.731819 0.681262 -0.0179983 74.6738 0.0106072 0.0150203 0.999831 1.14305
0.68073 -0.732523 0.00393818 125.456 0.732504 0.680645 -0.0126326 75.032 0.00657314 0.0114841 0.999913 1.14801
0.678661 -0.734374 0.010713 126.591 0.734442 0.678656 -0.00458718 76.2503 -0.00390172 0.0109812 0.999932 1.14746
0.676776 -0.736144 0.00804596 127.266 0.736185 0.676697 -0.0106205 76.9826 0.00237354 0.013111 0.999911 1.15344
0.673411 -0.739249 0.00529257 127.841 0.739177 0.673199 -0.0204751 77.6105 0.0115733 0.0177003 0.999776 1.17031
0.66962 -0.742683 0.0054668 128.284 0.742572 0.669345 -0.0237371 78.11 0.01397 0.0199544 0.999703 1.18425
0.666448 -0.745487 0.00974437 128.668 0.745518 0.666238 -0.0181653 78.548 0.00704994 0.0193708 0.999788 1.19061
0.659677 -0.751394 0.0152872 129.394 0.751548 0.659571 -0.0118797 79.3809 -0.00115668 0.0193259 0.999813 1.18288
0.65775 -0.752889 0.0228497 129.721 0.753139 0.657849 -0.00393229 79.756 -0.0120711 0.0197955 0.999731 1.17916
0.654455 -0.755631 0.0266435 130.272 0.755747 0.65482 0.00752043 80.3935 -0.0231294 0.015214 0.999617 1.16384
0.651688 -0.758086 0.0246586 130.817 0.758048 0.652072 0.0128194 81.0348 -0.0257974 0.0103381 0.999614 1.1442
0.637831 -0.770025 0.0153038 132.385 0.770107 0.637914 0.000787991 82.9465 -0.0103693 0.011283 0.999883 1.1154
0.619362 -0.785104 0.00118 133.911 0.785028 0.619322 0.0130978 84.9244 -0.0110139 -0.00718595 0.999914 1.08651
0.598701 -0.800968 -0.00281995 135.415 0.80091 0.598607 0.0145575 86.9471 -0.00997204 -0.0109741 0.99989 1.07911
0.587853 -0.808907 -0.00992062 136.034 0.808935 0.587675 0.0162109 87.8261 -0.00728302 -0.0175548 0.999819 1.07836
0.58275 -0.812588 -0.0101554 136.383 0.812602 0.582531 0.0183167 88.3284 -0.00896811 -0.0189264 0.999781 1.07644
0.578705 -0.815493 -0.00847902 136.763 0.81542 0.578415 0.0229508 88.8766 -0.0138118 -0.0201957 0.999701 1.07013
0.574322 -0.818594 -0.00763468 137.255 0.818464 0.573993 0.0254828 89.5819 -0.0164778 -0.020884 0.999646 1.05754
0.567461 -0.823199 -0.0181751 138.206 0.823341 0.567018 0.0244854 90.9829 -0.0098507 -0.0288588 0.999535 1.04045
0.564791 -0.824851 -0.0251246 138.674 0.82522 0.564343 0.023018 91.6867 -0.00480758 -0.0337337 0.999419 1.04134
0.55796 -0.829584 -0.0216938 140.069 0.829541 0.556816 0.0426382 93.791 -0.0232925 -0.0417863 0.998855 1.02353
0.550267 -0.834769 -0.0191534 140.979 0.834771 0.549454 0.0354509 95.1612 -0.0190694 -0.0354962 0.999188 0.984595
0.539132 -0.841976 -0.0203094 141.864 0.842191 0.538751 0.0215124 96.5678 -0.00717118 -0.0287024 0.999562 0.980218
0.533162 -0.845753 -0.0209713 142.3 0.845943 0.532636 0.0260684 97.2838 -0.0108774 -0.0316392 0.99944 0.977315
0.512868 -0.858444 -0.00626978 143.724 0.858416 0.512745 0.0146399 99.6138 -0.00935277 -0.0128904 0.999873 0.952279
0.510008 -0.860159 -0.00415575 143.98 0.860104 0.509904 0.0147709 100.051 -0.0105863 -0.0111077 0.999882 0.955263
0.50311 -0.864201 -0.00608589 144.517 0.864199 0.503136 -0.00372144 100.968 0.0062781 -0.00338713 0.999975 0.957103
0.4988 -0.866717 -0.000393651 144.91 0.866598 0.498738 -0.0163447 101.621 0.0143625 0.00781157 0.999866 0.96468
0.482282 -0.876008 0.00372561 146.437 0.875683 0.482212 0.0254913 104.39 -0.0241272 -0.00903158 0.999668 0.959709
0.477506 -0.878582 -0.00898069 147.247 0.87855 0.477302 0.0182126 105.929 -0.0117148 -0.0165866 0.999794 0.925701
0.473538 -0.880483 -0.0226218 147.769 0.880762 0.473507 0.00707008 106.94 0.00448646 -0.0232723 0.999719 0.929642
0.47278 -0.880991 -0.0182554 148.003 0.88118 0.472651 0.0111067 107.391 -0.00115648 -0.0213373 0.999772 0.940204
0.471269 -0.881898 -0.0127398 148.509 0.881953 0.471069 0.0159109 108.347 -0.00803047 -0.0187342 0.999792 0.944103
0.471668 -0.881732 -0.0088757 148.816 0.881608 0.471357 0.0242939 108.917 -0.017237 -0.0192835 0.999665 0.937235
0.46984 -0.882716 -0.00795137 149.639 0.882531 0.469502 0.0265867 110.456 -0.0197353 -0.0195089 0.999615 0.904344
0.467735 -0.883814 -0.00981213 150.172 0.883862 0.467746 0.00126191 111.465 0.00347429 -0.00926281 0.999951 0.9013
0.466899 -0.8843 -0.00425891 150.415 0.8843 0.466912 -0.00275412 111.914 0.00442401 -0.00248026 0.999987 0.912852
0.465705 -0.884939 0.000930766 150.823 0.884932 0.465697 -0.00466805 112.685 0.00369749 0.00299759 0.999989 0.934752
0.462199 -0.886775 0.00156944 152.411 0.88667 0.46217 0.0146524 115.791 -0.0137187 -0.00538074 0.999891 0.920233
0.461925 -0.886881 -0.00819443 153.184 0.88686 0.461768 0.0158147 117.319 -0.0102418 -0.0145725 0.999841 0.932018
0.46153 -0.887059 -0.0107456 153.562 0.887036 0.46128 0.0196792 118.076 -0.0124998 -0.0186143 0.999749 0.944123
0.459761 -0.887737 -0.02331 155.055 0.887999 0.459319 0.0219964 121.054 -0.00882028 -0.0308123 0.999486 0.93725
0.45802 -0.888322 -0.0332073 155.501 0.888928 0.457905 0.0114395 121.975 0.00504382 -0.0347584 0.999383 0.959677
0.457307 -0.888753 -0.0314309 155.746 0.889308 0.456986 0.0171539 122.461 -0.000882093 -0.0357963 0.999359 0.962149
0.45685 -0.88897 -0.0319478 156.099 0.889541 0.456468 0.0188045 123.157 -0.00213347 -0.0370097 0.999313 0.968676
0.456658 -0.889035 -0.0328575 156.463 0.889641 0.456274 0.0188046 123.873 -0.00172595 -0.0378187 0.999283 0.982173
0.456826 -0.888894 -0.034314 156.816 0.889556 0.456486 0.0176192 124.579 2.23145e-06 -0.0385732 0.999256 0.998186
0.457537 -0.88844 -0.0365173 157.189 0.889184 0.457303 0.01502 125.316 0.00335513 -0.0393428 0.99922 1.0008
0.458547 -0.887778 -0.0397987 157.491 0.888641 0.458435 0.0124557 125.939 0.00718717 -0.0410783 0.99913 1.00574
0.459956 -0.886874 -0.0435259 157.815 0.887857 0.460035 0.00877741 126.592 0.012239 -0.042682 0.999014 1.00831
0.46194 -0.885596 -0.0482803 158.156 0.886694 0.462347 0.00304662 127.272 0.0196242 -0.0442172 0.998829 1.01449
0.464266 -0.884108 -0.0530071 158.457 0.885305 0.465008 -0.00189289 127.879 0.0263222 -0.0460486 0.998592 1.02297
0.467176 -0.882315 -0.0571498 158.755 0.883588 0.468228 -0.0058344 128.473 0.031907 -0.0477712 0.998349 1.03041
0.470688 -0.880263 -0.059921 159.054 0.881527 0.472032 -0.00981842 129.042 0.0369274 -0.0482006 0.998155 1.03773
0.47472 -0.877963 -0.0618182 159.356 0.879189 0.476296 -0.012978 129.602 0.040838 -0.0481889 0.998003 1.05001
0.478814 -0.875671 -0.0627474 159.623 0.876927 0.480443 -0.0131479 130.1 0.0416598 -0.0487295 0.997943 1.05375
0.483919 -0.87274 -0.0643961 159.928 0.874043 0.485655 -0.0137347 130.665 0.0432611 -0.0496384 0.99783 1.06105
0.490209 -0.868975 -0.067651 160.269 0.870318 0.492225 -0.0161647 131.287 0.0473463 -0.0509538 0.997578 1.06933
0.502037 -0.862033 -0.0697041 160.867 0.86357 0.504043 -0.0137311 132.343 0.0469705 -0.0533009 0.997473 1.09916
0.508683 -0.858691 -0.0623832 161.202 0.860122 0.51004 -0.00700705 132.916 0.0378348 -0.0500929 0.998028 1.10844
0.514647 -0.855993 -0.0491378 161.549 0.85702 0.515283 -0.000313318 133.483 0.0255881 -0.0419508 0.998792 1.11665
0.524402 -0.85087 -0.0319818 162.237 0.851314 0.524656 0.000532085 134.57 0.0163267 -0.0275056 0.999488 1.1245
0.5266 -0.849592 -0.0297405 162.585 0.85001 0.526759 0.00286364 135.108 0.0132331 -0.0267877 0.999554 1.11665
0.527149 -0.84943 -0.0241157 163.621 0.849771 0.52689 0.0165837 136.789 -0.00138038 -0.029235 0.999572 1.11353
0.527166 -0.849353 -0.0263678 163.979 0.849753 0.526761 0.0210301 137.373 -0.0039725 -0.0334925 0.999431 1.09653
0.519557 -0.853412 -0.041806 165.337 0.854259 0.519823 0.0050799 139.634 0.0173965 -0.0383525 0.999113 1.12418
0.514467 -0.856426 -0.0431118 165.668 0.857472 0.514266 0.0164949 140.228 0.00804426 -0.0454532 0.998934 1.13221
0.511269 -0.85862 -0.0370831 166.019 0.859389 0.5104 0.0306998 140.832 -0.00743224 -0.0475646 0.998841 1.13736
0.508046 -0.860972 -0.0248164 166.38 0.861017 0.506874 0.0415734 141.44 -0.0232148 -0.0424886 0.998827 1.13576
0.504808 -0.863069 -0.0167345 166.736 0.862723 0.50375 0.0441137 142.054 -0.0296432 -0.0367062 0.998886 1.11282
0.499544 -0.865907 -0.0256985 167.428 0.86605 0.498489 0.0382937 143.27 -0.0203484 -0.0413856 0.998936 1.07331
0.496472 -0.86766 -0.0261123 167.774 0.867972 0.495791 0.0285749 143.885 -0.011847 -0.0368514 0.999251 1.06489
0.493175 -0.869927 -0.00226663 168.848 0.869741 0.493012 0.0221462 145.721 -0.0181481 -0.0128934 0.999752 1.04809
0.492363 -0.870389 0.00135721 169.216 0.870209 0.492292 0.0196319 146.344 -0.0177555 -0.00848497 0.999806 1.03967
0.491556 -0.87084 0.00323302 169.554 0.870748 0.491553 0.0131559 146.93 -0.0130459 -0.00365172 0.999908 1.02857
0.489869 -0.871696 0.0131625 170.241 0.871752 0.48994 0.00263724 148.141 -0.00874771 0.0101825 0.99991 1.02222
0.488503 -0.872359 0.0188504 170.916 0.872454 0.488668 0.00518981 149.338 -0.013739 0.0139109 0.999809 1.01798
0.487954 -0.872624 0.020709 171.252 0.872763 0.488127 0.0040279 149.928 -0.0136235 0.0161087 0.999777 1.01054
0.487837 -0.872688 0.0207356 171.586 0.872887 0.487921 -0.00114795 150.519 -0.00911554 0.0186599 0.999784 0.99576
0.488143 -0.872578 0.0180207 171.913 0.872763 0.488059 -0.0090709 151.114 -0.000880085 0.0201557 0.999796 0.986129
0.488168 -0.872634 0.0142096 172.236 0.872723 0.487961 -0.0158047 151.706 0.006858 0.0201164 0.999774 0.989185
0.488561 -0.872466 0.0105614 172.869 0.872506 0.488422 -0.0133032 152.868 0.00644813 0.0157143 0.999856 1.00152
0.488207 -0.872601 0.0148727 173.177 0.872727 0.488164 -0.00660867 153.432 -0.00149357 0.0162062 0.999868 0.995703
0.48794 -0.872655 0.0196887 173.48 0.872837 0.488009 -0.0014416 153.981 -0.00835024 0.0178884 0.999805 0.986538
0.487624 -0.872797 0.0211592 173.778 0.872961 0.487783 0.00277652 154.515 -0.0127444 0.0171172 0.999772 0.975728
0.486443 -0.873411 0.0229474 174.069 0.873561 0.48668 0.00582869 155.035 -0.0162589 0.0172106 0.99972 0.960032
0.483505 -0.874902 0.0277468 174.353 0.875143 0.483827 0.00596764 155.544 -0.0186457 0.021397 0.999597 0.942843
0.478261 -0.877621 0.0323757 174.622 0.878033 0.478591 0.00284892 156.036 -0.017995 0.0270644 0.999472 0.932723
0.470451 -0.881757 0.0343674 174.871 0.882302 0.470682 -0.00152736 156.504 -0.0148293 0.0310409 0.999408 0.927047
0.460145 -0.887226 0.0330977 175.101 0.887789 0.46021 -0.00608052 156.955 -0.00983709 0.0321817 0.999434 0.922841
0.4463 -0.894337 0.0312589 175.312 0.894868 0.446222 -0.0098277 157.395 -0.0051591 0.0323587 0.999463 0.918312
0.428457 -0.903003 0.0317995 175.507 0.903559 0.42829 -0.0122213 157.828 -0.00258357 0.033969 0.99942 0.9189
0.4069 -0.912901 0.0323225 175.68 0.913468 0.406751 -0.011346 158.256 -0.00278941 0.0341423 0.999413 0.925622
0.381993 -0.923629 0.0314853 175.833 0.924155 0.381926 -0.00835454 158.689 -0.0043086 0.0322887 0.999469 0.931421
0.353432 -0.934882 0.0328859 175.972 0.935439 0.353444 -0.00562794 159.13 -0.00636186 0.0327518 0.999443 0.939696
0.320555 -0.946649 0.0331732 176.099 0.9472 0.320626 -0.00329721 159.591 -0.0075149 0.0324786 0.999444 0.947388
0.272406 -0.961776 0.027954 176.228 0.962171 0.272428 -0.00306642 160.166 -0.00466625 0.0277319 0.999605 0.950509
0.241478 -0.970074 0.0253722 176.288 0.970394 0.241523 -0.00133835 160.509 -0.00482966 0.0249442 0.999677 0.951475
0.195445 -0.980484 0.0212648 176.348 0.980705 0.195492 0.000108314 160.967 -0.00426329 0.0208333 0.999774 0.951572
0.145929 -0.989183 0.014893 176.381 0.989287 0.145973 0.00186049 161.42 -0.00401434 0.014462 0.999887 0.954279
0.0931459 -0.995643 0.00426419 176.384 0.995641 0.0931643 0.0043404 161.872 -0.00471876 0.00384131 0.999982 0.959122
0.0377191 -0.999251 -0.00865724 176.357 0.999262 0.0376538 0.00759171 162.323 -0.00726004 -0.0089372 0.999934 0.964154
-0.0198364 -0.999601 -0.0200892 176.3 0.999739 -0.0200594 0.0109596 162.773 -0.0113582 -0.0198665 0.999738 0.965885
-0.0793964 -0.996422 -0.0289863 176.218 0.996721 -0.0798085 0.0133462 163.216 -0.0156118 -0.0278317 0.999491 0.964574
-0.139332 -0.989609 -0.0354939 176.111 0.990001 -0.140005 0.0172246 163.652 -0.022015 -0.0327391 0.999221 0.96312
-0.198241 -0.979275 -0.0414801 175.979 0.979608 -0.199365 0.0249385 164.078 -0.0326913 -0.0356904 0.998828 0.962364
-0.255475 -0.965551 -0.0494356 175.822 0.965763 -0.257248 0.0335326 164.492 -0.0450947 -0.0391764 0.998214 0.958858
-0.311474 -0.948477 -0.0580984 175.639 0.948668 -0.313904 0.0386447 164.89 -0.0548909 -0.0430793 0.997563 0.947162
-0.365933 -0.928519 -0.0628046 175.437 0.928656 -0.368726 0.0404835 165.273 -0.0607474 -0.0435096 0.997204 0.936024
-0.419338 -0.90541 -0.0662491 175.216 0.90557 -0.422325 0.0398059 165.641 -0.0640193 -0.0433011 0.997009 0.922603
-0.471369 -0.87949 -0.0656373 174.98 0.8795 -0.474291 0.0390795 165.997 -0.0655012 -0.0393072 0.997078 0.906871
-0.522411 -0.850582 -0.0599778 174.73 0.850347 -0.524898 0.0373066 166.342 -0.0632146 -0.0315126 0.997502 0.885723
-0.571885 -0.818762 -0.0507482 174.468 0.818304 -0.573727 0.034882 166.681 -0.0576757 -0.021579 0.998102 0.862587
-0.619457 -0.783945 -0.0412768 174.189 0.783438 -0.620693 0.031069 167.012 -0.0499765 -0.0130919 0.998665 0.836379
-0.663553 -0.747337 -0.0344299 173.889 0.746899 -0.664398 0.0267822 167.333 -0.0428905 -0.00794423 0.999048 0.808826
-0.70334 -0.71017 -0.0311585 173.566 0.709851 -0.704 0.0222335 167.637 -0.0377251 -0.00648018 0.999267 0.78295
-0.739143 -0.672903 -0.029463 173.221 0.672669 -0.739706 0.0187241 167.921 -0.0343935 -0.0059791 0.999391 0.758687
-0.770843 -0.636391 -0.0284341 172.836 0.636202 -0.771348 0.0164109 168.196 -0.0323763 -0.00543963 0.999461 0.733791
-0.821269 -0.569994 -0.0249639 172.006 0.569854 -0.821642 0.0130885 168.742 -0.0279718 -0.00347663 0.999603 0.684546
-0.840688 -0.541159 -0.019776 171.594 0.541079 -0.840916 0.00967291 168.992 -0.0218646 -0.0025685 0.999758 0.656707
-0.855667 -0.51731 -0.0149774 171.159 0.517247 -0.855797 0.00814137 169.254 -0.0170293 -0.00078074 0.999855 0.626312
-0.867955 -0.496515 -0.0112701 170.709 0.496459 -0.868027 0.00752166 169.52 -0.0135174 0.000933315 0.999908 0.598395
-0.878031 -0.47853 -0.00836729 170.245 0.478489 -0.878069 0.00656474 169.784 -0.0104885 0.0017604 0.999943 0.574837
-0.886015 -0.46362 -0.00573118 169.774 0.463599 -0.886033 0.00472365 170.04 -0.007268 0.00152826 0.999972 0.554217
-0.891474 -0.453062 -0.00311674 169.294 0.453058 -0.891479 0.00186816 170.296 -0.0036249 0.000253348 0.999993 0.535205
-0.895014 -0.446038 -8.33608e-05 168.799 0.446038 -0.895014 -6.91693e-05 170.562 -4.3761e-05 -9.90918e-05 1 0.525633
-0.897026 -0.441972 0.00233359 168.287 0.441971 -0.897029 -0.00107174 170.827 0.00256698 6.99996e-05 0.999997 0.516724
