0.473157 -0.880546 0.027576 0.661745 0.880974 0.473022 -0.0116408 0.363548 -0.00279378 0.0298017 0.999552 1.08721
0.471228 -0.881694 0.0236661 1.23107 0.882011 0.471043 -0.0132222 1.43242 0.00051014 0.0271044 0.999632 1.08535
0.470405 -0.882187 0.0215575 1.48206 0.882451 0.470265 -0.0114844 1.91045 -6.38771e-06 0.0244258 0.999702 1.08541
0.469024 -0.882996 0.0182715 1.89757 0.883183 0.468972 -0.00727662 2.70377 -0.00214359 0.01955 0.999807 1.08524
0.467889 -0.883614 0.0174959 2.31684 0.883755 0.467949 -0.000722772 3.51286 -0.00754854 0.0158003 0.999847 1.08192
0.46652 -0.88434 0.0173884 2.73916 0.88439 0.466691 0.00734084 4.34089 -0.0146068 0.0119535 0.999822 1.07232
0.465393 -0.884957 0.016115 3.16299 0.884843 0.465621 0.0158011 5.18917 -0.0214868 0.00690552 0.999745 1.05684
0.463963 -0.885764 0.0126914 3.58749 0.885455 0.464136 0.0233751 6.05519 -0.0265954 0.0003925 0.999646 1.03615
0.462765 -0.886426 0.00983271 4.01294 0.886003 0.462851 0.0277124 6.93058 -0.0291161 -0.00411255 0.999568 1.01379
0.461772 -0.886965 0.00770784 4.44327 0.886464 0.461777 0.0307079 7.80857 -0.0307961 -0.00734731 0.999499 0.994289
0.461312 -0.887224 0.00499117 4.87657 0.886628 0.461196 0.0344729 8.68653 -0.0328871 -0.0114775 0.999393 0.977456
0.46149 -0.887141 0.00265637 5.3124 0.886467 0.461252 0.0377163 9.56409 -0.0346849 -0.0150509 0.999285 0.961626
0.462238 -0.886755 0.000550585 5.74752 0.886078 0.461909 0.0387946 10.4362 -0.0346557 -0.0174445 0.999247 0.947143
0.463402 -0.886144 -0.00272013 6.20239 0.88561 0.463012 0.0362468 11.3474 -0.0308604 -0.0192058 0.999339 0.934386
0.464391 -0.885604 -0.00675478 6.60793 0.885265 0.463968 0.0322288 12.1609 -0.0254079 -0.0209465 0.999458 0.926498
0.465232 -0.885101 -0.0124547 7.05013 0.885038 0.464846 0.0250256 13.0254 -0.0163607 -0.0226655 0.999609 0.932039
0.466017 -0.884608 -0.0172155 7.49774 0.884751 0.46577 0.016531 13.8882 -0.006605 -0.0229352 0.999715 0.951053
0.466859 -0.884146 -0.0181234 7.95506 0.884332 0.466756 0.00982274 14.7504 -0.000225526 -0.0206129 0.999787 0.979114
0.467059 -0.88406 -0.0171253 8.40541 0.884224 0.467011 0.00696517 15.6091 0.00184006 -0.0183957 0.999829 1.00279
0.466526 -0.884377 -0.0152034 8.85535 0.884506 0.466481 0.00661918 16.4726 0.00123826 -0.0165355 0.999862 1.01671
0.465682 -0.884895 -0.0100527 9.3124 0.884947 0.465687 0.00197413 17.3348 0.00293453 -0.00981546 0.999947 1.0269
0.464431 -0.885585 -0.00648757 9.77204 0.885574 0.464466 -0.00552029 18.2009 0.00790195 -0.00318143 0.999964 1.03244
0.462998 -0.886329 -0.00732343 10.2328 0.886251 0.463055 -0.0117805 19.0721 0.0138326 -0.00103602 0.999904 1.04259
0.46133 -0.887179 -0.00940296 10.6903 0.887032 0.461425 -0.0161694 19.9451 0.0186839 -0.000881316 0.999825 1.06118
0.459985 -0.887872 -0.00982253 11.1461 0.887684 0.460089 -0.0182947 20.8206 0.0207626 -0.000304002 0.999784 1.08345
0.459091 -0.888338 -0.00949985 11.6088 0.888191 0.459188 -0.0162404 21.7043 0.0187892 -0.000981873 0.999823 1.10104
0.458208 -0.888794 -0.00947664 12.0703 0.888685 0.458302 -0.0140579 22.5924 0.0168378 -0.00198031 0.999856 1.11147
0.457398 -0.889216 -0.00903814 12.5261 0.889146 0.457479 -0.0114705 23.4871 0.0143345 -0.00278966 0.999893 1.11636
0.457071 -0.889403 -0.00699228 12.9834 0.88936 0.45712 -0.00898573 24.3827 0.0111882 -0.00211153 0.999935 1.12017
0.456997 -0.889426 -0.00865292 13.4386 0.889439 0.457039 -0.00367832 25.279 0.00722632 -0.00601527 0.999956 1.1176
0.457233 -0.889287 -0.0102973 13.8961 0.889331 0.457263 -0.000625484 26.1759 0.00526481 -0.00887172 0.999947 1.10856
0.457193 -0.889316 -0.0095881 14.3567 0.889354 0.457218 -0.000523699 27.0695 0.00484959 -0.00828779 0.999954 1.09935
0.457412 -0.889175 -0.0119028 14.8095 0.889228 0.457461 -0.00163613 27.958 0.00689986 -0.00983589 0.999928 1.09073
0.455565 -0.890031 -0.0174474 15.4021 0.890036 0.455771 -0.0104027 29.1153 0.0172108 -0.0107898 0.999794 1.09597
0.454635 -0.89057 -0.0138537 16.5647 0.890632 0.454714 -0.00302555 31.4123 0.00899394 -0.010963 0.999899 1.10486
0.454809 -0.890443 -0.0160901 17.0221 0.89055 0.454884 -0.00114488 32.3223 0.00833859 -0.0138083 0.99987 1.09157
0.453595 -0.890966 -0.0207809 17.5795 0.891043 0.453836 -0.00865064 33.4181 0.0171386 -0.0145928 0.999747 1.09694
0.454098 -0.89078 -0.0174884 17.8919 0.890884 0.454219 -0.00344336 34.0312 0.0110108 -0.0140165 0.999841 1.10047
0.453218 -0.891271 -0.0151333 18.4943 0.891316 0.453343 -0.00603706 35.2062 0.0122412 -0.0107524 0.999867 1.10983
0.454114 -0.890903 -0.00849588 19.1862 0.890937 0.454127 0.000529036 36.5817 0.00338689 -0.00780953 0.999964 1.1036
0.453409 -0.891285 -0.00563987 19.7561 0.891271 0.453437 -0.0055441 37.6843 0.0074987 -0.0025129 0.999969 1.09656
0.4537 -0.891154 -0.000825647 20.0681 0.891154 0.4537 -0.000702629 38.2929 0.00100075 -0.000416998 0.999999 1.09168
0.453547 -0.891219 0.00495497 20.5249 0.891211 0.453567 0.00440027 39.1882 -0.00616901 0.0024202 0.999978 1.09061
0.452122 -0.891907 0.00933803 21.1182 0.891926 0.452168 0.00347587 40.3498 -0.00732251 0.00675731 0.99995 1.08629
0.452597 -0.891627 0.0125235 21.3852 0.891604 0.452718 0.00943687 40.8801 -0.0140838 0.0068949 0.999877 1.07996
0.451646 -0.892143 0.00981407 21.9154 0.892126 0.451722 0.00769328 41.9307 -0.0112967 0.00528074 0.999922 1.0572
0.451456 -0.892257 0.00798967 22.2359 0.892241 0.451509 0.00679245 42.5791 -0.00966801 0.00406221 0.999945 1.04123
0.449625 -0.893218 -0.000214744 22.7876 0.893208 0.449621 -0.00446611 43.6811 0.00408577 0.00181626 0.99999 1.03889
0.448423 -0.893799 -0.00630999 23.1954 0.893786 0.448457 -0.00574336 44.504 0.00796317 -0.00306433 0.999964 1.05048
0.449161 -0.893438 -0.00481339 23.4418 0.893451 0.449155 0.0023477 45.0111 6.44396e-05 -0.00535503 0.999986 1.05557
0.447225 -0.894399 -0.00632637 24.6384 0.894373 0.447115 0.0136447 47.4278 -0.00937521 -0.0117604 0.999887 1.04621
0.446446 -0.894791 -0.00583788 25.0343 0.894706 0.446285 0.018182 48.2362 -0.0136638 -0.0133405 0.999818 1.04162
0.445579 -0.895224 -0.00574609 25.4155 0.895106 0.44539 0.0203342 49.0223 -0.0156444 -0.0142039 0.999777 1.0365
0.443142 -0.896406 -0.00899287 25.8912 0.89641 0.443002 0.0141126 49.9948 -0.00866676 -0.0143152 0.99986 1.03331
0.441535 -0.897149 -0.0130321 26.2292 0.897231 0.441405 0.0117235 50.7051 -0.00476524 -0.0168691 0.999846 1.04038
0.441682 -0.897092 -0.0119276 26.4276 0.897111 0.441459 0.0174667 51.132 -0.0104037 -0.0184151 0.999776 1.04614
0.439824 -0.897963 -0.0147207 26.8794 0.898023 0.439544 0.018844 52.0704 -0.0104508 -0.0215075 0.999714 1.04097
0.438671 -0.898438 -0.0194346 27.182 0.898618 0.438378 0.0176 52.7106 -0.00729279 -0.0251849 0.999656 1.03642
0.438583 -0.898439 -0.0212656 27.3976 0.898665 0.43827 0.0178967 53.1779 -0.00675906 -0.0269598 0.999614 1.03122
0.437826 -0.898752 -0.0235176 27.7179 0.899057 0.437619 0.0136056 53.8575 -0.00193629 -0.0271006 0.999631 1.03292
0.436631 -0.899186 -0.0285859 28.1049 0.899619 0.436623 0.00682598 54.6801 0.00634345 -0.0286968 0.999568 1.04558
0.436109 -0.899376 -0.0305244 28.3979 0.899874 0.436071 0.00822564 55.3055 0.00591286 -0.0310554 0.9995 1.06085
0.435581 -0.899626 -0.0306871 28.6579 0.900146 0.435421 0.0120809 55.8679 0.00249345 -0.0328851 0.999456 1.06975
0.435537 -0.899746 -0.0276662 28.8488 0.900168 0.435254 0.0158405 56.2769 -0.00221065 -0.0318033 0.999492 1.07002
0.435 -0.900119 -0.0236912 29.1922 0.900424 0.434943 0.00774943 56.9961 0.00332893 -0.0247032 0.999689 1.07464
0.435563 -0.899929 -0.0203035 29.3869 0.90015 0.435545 0.00552363 57.4077 0.00387224 -0.0206821 0.999779 1.08031
0.437624 -0.898961 -0.0187995 29.651 0.899145 0.437633 0.00385453 57.9664 0.00476221 -0.0185903 0.999816 1.08885
0.450077 -0.89282 -0.0174394 30.452 0.892987 0.44994 0.0113201 59.5885 -0.00226009 -0.020668 0.999784 1.09959
0.455217 -0.890315 -0.0108147 30.6568 0.890336 0.455038 0.0155834 59.9964 -0.00895307 -0.0167225 0.99982 1.10335
0.463667 -0.885965 -0.00883009 30.8992 0.885919 0.463454 0.0189156 60.4914 -0.0126663 -0.0165933 0.999782 1.09689
0.473116 -0.880932 -0.0109831 31.1514 0.880906 0.472845 0.0205687 60.9639 -0.0129263 -0.0194064 0.999728 1.092
0.486044 -0.873811 -0.014686 31.3985 0.873839 0.485673 0.0229707 61.4201 -0.0129395 -0.0239979 0.999628 1.08677
0.502814 -0.864273 -0.0145132 31.6549 0.864317 0.502473 0.0218454 61.8405 -0.0115879 -0.0235281 0.999656 1.08264
0.52335 -0.852044 -0.0111848 31.9076 0.852067 0.523131 0.0177347 62.2317 -0.00925963 -0.0188117 0.99978 1.08044
0.546767 -0.837249 -0.00774938 32.1598 0.837255 0.546646 0.0135307 62.6008 -0.00709235 -0.0138863 0.999878 1.07975
0.572566 -0.81984 -0.00550763 32.4121 0.819841 0.572497 0.0103678 62.9538 -0.00534683 -0.0104516 0.999931 1.08116
0.60097 -0.799262 -0.00383446 32.6715 0.799263 0.600936 0.00737485 63.2926 -0.00359017 -0.0074968 0.999965 1.08148
0.632178 -0.774819 -0.00241851 32.9416 0.774821 0.632167 0.00414216 63.6165 -0.00168052 -0.0044925 0.999988 1.07868
0.716186 -0.697895 -0.00458545 33.6166 0.697864 0.716199 -0.00668776 64.3024 0.00795145 0.00158965 0.999967 1.06685
0.738852 -0.673867 -0.000413515 33.8197 0.673826 0.738813 -0.0106625 64.4227 0.00749062 0.00759937 0.999943 1.06592
0.777709 -0.628619 0.00238822 34.1604 0.628575 0.777596 -0.0154141 64.642 0.00783253 0.0134889 0.999878 1.05961
0.815881 -0.578198 0.00495186 34.5098 0.578173 0.815676 -0.0197177 64.8335 0.00736161 0.0189503 0.999793 1.04929
0.852227 -0.523134 0.00636842 34.8662 0.52313 0.85194 -0.0230907 64.9989 0.00665403 0.02301 0.999713 1.03465
0.914329 -0.4049 0.00764951 35.5863 0.404937 0.913838 -0.0304253 65.2643 0.00532878 0.0309163 0.999508 1.01215
0.939878 -0.341353 0.010388 35.9674 0.341509 0.939325 -0.0322476 65.3498 0.00125013 0.0338563 0.999426 1.00362
0.960642 -0.277466 0.0134138 36.3522 0.277756 0.960162 -0.0306842 65.4212 -0.00436557 0.0332023 0.999439 0.992936
0.976825 -0.213469 0.0155768 36.738 0.213836 0.976472 -0.0278695 65.4754 -0.00926101 0.0305546 0.99949 0.981343
0.990835 -0.134386 0.013667 37.1997 0.13472 0.990503 -0.0274642 65.5089 -0.00984638 0.0290537 0.999529 0.967169
0.996035 -0.0877086 0.0148776 37.4968 0.0880933 0.995731 -0.0275462 65.5195 -0.0123981 0.0287476 0.99951 0.95739
0.999622 -0.023782 0.0137649 37.9135 0.0241321 0.999375 -0.0258478 65.5133 -0.0131416 0.0261702 0.999571 0.947728
0.999534 0.0273859 0.013462 38.268 -0.027117 0.999437 -0.0197645 65.4993 -0.0139957 0.0193902 0.999714 0.943497
0.99612 0.0872952 0.0111863 38.686 -0.0871568 0.996118 -0.0123169 65.4619 -0.0122181 0.0112941 0.999862 0.937393
0.990694 0.135822 0.00877375 39.0377 -0.135732 0.990693 -0.0101854 65.4095 -0.0100755 0.00889979 0.99991 0.920003
0.983509 0.180643 0.0088187 39.4021 -0.18047 0.983423 -0.0175776 65.3311 -0.0118478 0.0156962 0.999807 0.892884
0.97551 0.219702 0.0105405 39.767 -0.219418 0.975358 -0.023085 65.2476 -0.0153525 0.0202068 0.999678 0.865539
0.967008 0.254532 0.0104736 40.1435 -0.254275 0.966902 -0.0210927 65.1599 -0.0154957 0.0177336 0.999723 0.848004
0.958407 0.285304 0.00758026 40.5167 -0.285219 0.958404 -0.0105676 65.0709 -0.0102799 0.007966 0.999915 0.848293
0.949559 0.313527 0.00614523 40.8957 -0.313543 0.949572 0.00186478 64.9691 -0.00525068 -0.00369751 0.999979 0.857903
0.940678 0.339271 0.004553 41.276 -0.339299 0.940641 0.00842744 64.8514 -0.00142355 -0.00947233 0.999954 0.86728
0.931929 0.362632 0.00227357 41.6627 -0.362637 0.931884 0.00933851 64.7203 0.00126774 -0.00952732 0.999954 0.869608
0.923726 0.383042 -0.00305008 42.0586 -0.383011 0.923712 0.00761618 64.5773 0.00573471 -0.00586704 0.999966 0.858973
0.9162 0.400548 -0.0117847 42.4618 -0.400482 0.916273 0.00754536 64.4206 0.0138203 -0.00219348 0.999902 0.845787
0.908752 0.417023 -0.0161621 42.8714 -0.416925 0.908894 0.00919139 64.2485 0.0185226 -0.00161433 0.999827 0.851652
0.901892 0.431768 -0.0129368 43.2916 -0.431672 0.90198 0.00960819 64.0584 0.0158172 -0.00308112 0.99987 0.871596
0.895406 0.445177 -0.00802426 43.7219 -0.445119 0.895435 0.00806095 63.8552 0.0107738 -0.00364607 0.999935 0.890081
0.889081 0.457722 -0.00499166 44.1615 -0.4577 0.889093 0.00491625 63.6385 0.00668832 -0.00208626 0.999975 0.898272
0.883122 0.469127 -0.00382381 44.6106 -0.469129 0.88313 0.000467096 63.4057 0.00359605 0.00138136 0.999993 0.896523
0.877802 0.479004 -0.00432259 45.0708 -0.47902 0.877795 -0.00395984 63.151 0.00189757 0.00554656 0.999983 0.890844
0.873284 0.487182 -0.00540377 45.5428 -0.48721 0.873256 -0.00703135 62.886 0.00129333 0.00877314 0.999961 0.885108
0.869151 0.494444 -0.0100665 46.1232 -0.494519 0.869137 -0.0071427 62.5578 0.00521755 0.0111862 0.999924 0.879948
0.867337 0.49763 -0.0094694 46.4936 -0.497705 0.867305 -0.00849831 62.3486 0.00398384 0.0120839 0.999919 0.872095
0.864622 0.502335 -0.00936894 47.0082 -0.502409 0.864585 -0.00879151 62.0555 0.00368397 0.0123084 0.999917 0.863861
0.862164 0.506563 -0.00819612 47.5455 -0.506625 0.862112 -0.00966186 61.7509 0.00217164 0.0124825 0.99992 0.853346
0.860537 0.509343 -0.00673307 48.1033 -0.509387 0.860466 -0.0110891 61.4367 0.000145407 0.0129723 0.999916 0.838333
0.856622 0.51591 -0.00592937 49.8289 -0.515938 0.856501 -0.0145966 60.4352 -0.00245203 0.015563 0.999876 0.811304
0.858315 0.512842 -0.0169708 51.217 -0.513069 0.858234 -0.0139682 59.6325 0.00740139 0.0206963 0.999758 0.789542
0.859756 0.510546 -0.0127456 51.616 -0.510697 0.859615 -0.015794 59.4177 0.00289273 0.0200881 0.999794 0.767602
0.863267 0.504424 -0.0180567 52.4916 -0.504669 0.86321 -0.0133252 58.9235 0.00886517 0.0206158 0.999748 0.758914
0.864811 0.501928 -0.0130366 52.8888 -0.502084 0.864686 -0.0151684 58.71 0.00365913 0.0196632 0.9998 0.744142
0.867918 0.496556 -0.0122528 53.7367 -0.496696 0.867804 -0.0144994 58.2381 0.00343325 0.0186703 0.99982 0.734819
0.86966 0.493623 -0.00524762 54.2669 -0.493644 0.86954 -0.014696 57.9598 -0.00269128 0.015371 0.999878 0.713847
0.872027 0.489456 0.00133555 54.9999 -0.4894 0.871962 -0.0130145 57.5722 -0.0075346 0.0106954 0.999914 0.692066
0.876236 0.481855 0.00519128 56.4522 -0.481819 0.876244 -0.00684252 56.7986 -0.00784593 0.0034944 0.999963 0.661889
0.878863 0.47705 -0.00476285 57.3929 -0.477013 0.878867 0.00717594 56.3058 0.00760919 -0.00403472 0.999963 0.650628
0.879234 0.476387 -0.00180945 57.8591 -0.476344 0.879195 0.0105922 56.0794 0.00663684 -0.00845109 0.999942 0.642076
0.879554 0.475793 0.00238314 58.6224 -0.475768 0.879428 0.0158734 55.7001 0.00545668 -0.0150954 0.999871 0.640513
0.880234 0.474533 0.00273724 60.2854 -0.474457 0.879955 0.0238944 54.8401 0.00893002 -0.0223313 0.999711 0.641862
0.88038 0.474207 0.00761212 60.781 -0.474242 0.88005 0.0246428 54.5971 0.00498674 -0.025305 0.999667 0.633955
0.880965 0.473126 0.00716425 62.4327 -0.473081 0.880371 0.0337908 53.7401 0.0096801 -0.0331578 0.999403 0.630399
0.880675 0.473541 0.0130885 62.9534 -0.473696 0.880007 0.0346256 53.4842 0.00487864 -0.0366939 0.999315 0.622206
0.879783 0.475037 0.0179261 63.713 -0.475372 0.879014 0.0368264 53.0938 0.00173663 -0.0409208 0.999161 0.618846
0.875952 0.481631 0.0272058 65.1987 -0.482385 0.874947 0.0420874 52.3253 -0.00353311 -0.0499902 0.998743 0.620924
0.872481 0.487867 0.0276104 66.1291 -0.488647 0.871156 0.0480839 51.8379 -0.000594402 -0.055444 0.998462 0.622969
0.870264 0.49156 0.0317658 66.6186 -0.492569 0.868944 0.0480803 51.5823 -0.00396833 -0.0574894 0.998338 0.626519
0.864925 0.501129 0.0278405 67.5488 -0.501895 0.863299 0.0530619 51.0693 0.00255621 -0.0598675 0.998203 0.626646
0.862015 0.505986 0.0301287 68.0079 -0.506882 0.860437 0.0521418 50.8164 0.000459172 -0.0602188 0.998185 0.625258
0.854813 0.518237 0.0269279 68.9369 -0.518909 0.853075 0.0547491 50.2792 0.0054015 -0.0607733 0.998137 0.628012
0.851557 0.52334 0.0310833 69.374 -0.524261 0.84994 0.0524617 50.023 0.00103639 -0.0609699 0.998139 0.627469
0.843737 0.535915 0.0300633 70.2483 -0.536748 0.842067 0.0531492 49.4833 0.00316813 -0.0609804 0.998134 0.631328
0.839907 0.541731 0.0329264 70.7199 -0.54273 0.838418 0.0499976 49.1829 -0.000520831 -0.0598635 0.998206 0.631717
0.831519 0.554693 0.0298668 71.5813 -0.555483 0.829925 0.0515997 48.6192 0.00383477 -0.0594966 0.998221 0.62905
0.825707 0.563393 0.0282016 72.1818 -0.564062 0.824051 0.0526637 48.2169 0.00643077 -0.0593923 0.998214 0.627851
0.821975 0.568668 0.0311959 72.644 -0.569516 0.820446 0.0501988 47.9056 0.00295196 -0.0590287 0.998252 0.623934
0.815301 0.578188 0.0313494 73.3813 -0.579027 0.813776 0.0499634 47.3991 0.00337687 -0.0588874 0.998259 0.62147
0.809255 0.586685 0.0301162 74.0272 -0.587438 0.807748 0.0495932 46.9386 0.00476927 -0.0578249 0.998315 0.623343
0.805021 0.592382 0.0319882 74.5237 -0.593242 0.803657 0.0468973 46.58 0.00207358 -0.05673 0.998387 0.626254
0.796884 0.603491 0.0278306 75.3413 -0.604093 0.795456 0.0481818 45.9751 0.00693922 -0.0552076 0.998451 0.631137
0.79445 0.606526 0.0312188 75.7003 -0.607327 0.793244 0.043794 45.7045 0.00179807 -0.0537522 0.998553 0.627245
0.788764 0.613963 0.0300061 76.4686 -0.614693 0.787685 0.0412747 45.1196 0.00170577 -0.0510006 0.998697 0.620596
0.786354 0.617051 0.0299194 76.9518 -0.617776 0.785501 0.0366364 44.7367 -0.000895161 -0.0472927 0.998881 0.614151
0.783857 0.620308 0.0280356 77.5629 -0.620941 0.78311 0.0342288 44.2534 -0.000722582 -0.044239 0.999021 0.607456
0.783188 0.620997 0.0312791 77.92 -0.621757 0.782633 0.030051 43.9728 -0.0058185 -0.0429836 0.999059 0.598124
0.782007 0.622444 0.0320694 78.5769 -0.623231 0.781493 0.029172 43.4579 -0.00690403 -0.0427994 0.99906 0.587118
0.782922 0.621268 0.0325386 79.5123 -0.622054 0.782528 0.0264413 42.7178 -0.00903522 -0.0409422 0.999121 0.574451
0.786595 0.616862 0.0273894 80.1733 -0.617458 0.786077 0.0287966 42.1965 -0.00376665 -0.039563 0.99921 0.567484
0.789135 0.613534 0.0290211 80.4759 -0.614187 0.7887 0.0269449 41.9631 -0.00635738 -0.0390875 0.999216 0.56969
0.796986 0.603413 0.0265675 81.0772 -0.603989 0.79644 0.0296875 41.5111 -0.00324558 -0.039707 0.999206 0.576192
0.801835 0.59688 0.028173 81.3935 -0.59752 0.80134 0.0286958 41.2893 -0.00544819 -0.0398433 0.999191 0.587267
0.813999 0.580296 0.0257386 81.9778 -0.580863 0.813349 0.0325723 40.8877 -0.00203282 -0.0414644 0.999138 0.597616
0.826503 0.562505 0.0219532 82.4147 -0.562927 0.825692 0.0366952 40.6179 0.00251468 -0.0426868 0.999085 0.607376
0.834183 0.550994 0.023348 82.6881 -0.551488 0.833395 0.0362333 40.4628 0.000506243 -0.0431014 0.999071 0.617324
0.854218 0.519543 0.0196628 83.2766 -0.519904 0.85335 0.0386423 40.1343 0.00329702 -0.0432317 0.99906 0.627249
0.87167 0.489734 0.0187504 83.7433 -0.490088 0.870847 0.037939 39.8972 0.00225128 -0.0422596 0.999104 0.64006
0.881583 0.471433 0.0237176 84.0492 -0.472003 0.880947 0.0338536 39.7527 -0.00493423 -0.0410395 0.999145 0.650962
0.906403 0.421574 0.0266145 84.6801 -0.422278 0.905909 0.0317787 39.5004 -0.0107132 -0.040043 0.99914 0.66225
0.918551 0.394031 0.0316733 85.0134 -0.394921 0.918234 0.029732 39.3923 -0.0173682 -0.0398188 0.999056 0.666818
0.939991 0.339235 0.0365637 85.5933 -0.34035 0.939808 0.0303851 39.2383 -0.0240552 -0.0410062 0.998869 0.671634
0.953887 0.297411 0.0405833 86.0091 -0.298726 0.953823 0.0313886 39.1597 -0.029374 -0.0420645 0.998683 0.672754
0.969305 0.242096 0.0428593 86.5229 -0.243557 0.969327 0.0329395 39.0901 -0.0335701 -0.0423672 0.998538 0.670091
0.982376 0.18226 0.0414567 87.0353 -0.183601 0.982506 0.0312006 39.0532 -0.0350448 -0.0382622 0.998653 0.669127
0.995606 0.0890781 0.0288714 87.7086 -0.0898568 0.995591 0.0269014 39.0427 -0.0263478 -0.0293775 0.999221 0.672711
0.998406 0.0504473 0.0252901 87.991 -0.0510487 0.998414 0.0237267 39.0601 -0.024053 -0.0249799 0.999399 0.68547
0.999628 -0.0195108 0.0190639 88.4875 0.0191159 0.999603 0.0206838 39.1135 -0.0194599 -0.0203117 0.999604 0.697754
0.993418 -0.114262 0.00805303 89.0985 0.114097 0.993295 0.0186374 39.231 -0.0101286 -0.0175959 0.999794 0.71286
0.986797 -0.16188 0.00506045 89.4089 0.161776 0.986685 0.0167715 39.3193 -0.00770804 -0.0157314 0.999846 0.726483
0.964794 -0.262997 -0.00236125 90.038 0.263008 0.964739 0.0102623 39.5375 -0.00042096 -0.010522 0.999944 0.744734
0.931402 -0.363957 0.00508985 90.7301 0.363893 0.931383 0.0103379 39.8606 -0.00850316 -0.00777661 0.999934 0.764236
0.890738 -0.454456 0.00747772 91.3107 0.454399 0.890761 0.00817794 40.1969 -0.0103774 -0.00388653 0.999939 0.782253
0.873465 -0.486744 0.0118127 91.555 0.486662 0.873541 0.00924503 40.3578 -0.0148189 -0.0023264 0.999887 0.783208
0.81044 -0.585544 0.018026 92.3539 0.585416 0.81064 0.0122363 40.956 -0.0217775 0.000635982 0.999763 0.790866
0.779746 -0.625902 0.015558 92.7202 0.625808 0.779901 0.0109264 41.2547 -0.0189725 0.00121652 0.999819 0.796622
0.752262 -0.658779 0.0105767 93.0705 0.658752 0.752333 0.00637952 41.5544 -0.0121599 0.00216837 0.999924 0.801724
0.722203 -0.691674 0.00309982 93.4789 0.691678 0.722206 -7.65622e-05 41.9399 -0.00218575 0.00219937 0.999995 0.794042
0.707575 -0.706629 0.00367192 93.7421 0.706635 0.707547 -0.00657059 42.1861 0.00204491 0.00724389 0.999972 0.795462
0.69223 -0.721651 0.0061448 94.0996 0.721647 0.692098 -0.0150669 42.5415 0.00662025 0.0148641 0.999868 0.80701
0.682736 -0.730624 0.00774425 94.4305 0.730597 0.682489 -0.0208985 42.8602 0.00998358 0.0199261 0.999752 0.827607
0.671217 -0.741259 -0.00147864 94.8959 0.740993 0.671027 -0.0255422 43.3393 0.0199256 0.0160487 0.999673 0.854742
0.669496 -0.742807 -0.00364552 95.0894 0.742543 0.669375 -0.0237921 43.5402 0.0201132 0.0132218 0.99971 0.869759
0.66516 -0.746527 -0.0161024 95.5668 0.746111 0.665337 -0.0253846 44.065 0.0296638 0.00487063 0.999548 0.900499
0.665696 -0.746052 -0.0159665 95.765 0.745699 0.665878 -0.0232115 44.2806 0.0279487 0.0035456 0.999603 0.917162
0.667307 -0.744565 -0.0179886 96.2183 0.744071 0.667531 -0.0275924 44.7745 0.0325523 0.0050278 0.999457 0.948876
0.670261 -0.741971 -0.0151038 96.5014 0.74145 0.670381 -0.0290067 45.07 0.0316474 0.00824332 0.999465 0.966282
0.675101 -0.737526 -0.0171057 96.9953 0.736663 0.675192 -0.038 45.591 0.0395757 0.0130527 0.999131 1.00191
0.678352 -0.734595 -0.0144647 97.287 0.733905 0.678389 -0.0342243 45.8915 0.0349537 0.0126004 0.999309 1.02233
0.684665 -0.728665 -0.016747 97.8445 0.728117 0.684825 -0.0293373 46.4732 0.0328458 0.00789245 0.999429 1.05387
0.688687 -0.724971 -0.0112142 98.2099 0.724583 0.688714 -0.025559 46.8417 0.0262529 0.00947652 0.99961 1.07281
0.691566 -0.722313 -0.00123706 98.5484 0.722183 0.691472 -0.0178131 47.1826 0.013722 0.0114256 0.999841 1.0788
0.697189 -0.7167 0.0164083 99.4782 0.716872 0.69714 -0.0094473 48.1147 -0.00466802 0.0183492 0.999821 1.07012
0.700195 -0.713711 0.0185432 100.125 0.713951 0.699921 -0.0196281 48.7424 0.00102999 0.0269824 0.999635 1.05708
0.701029 -0.712888 0.0186818 100.539 0.713115 0.700587 -0.0253886 49.1387 0.00501097 0.0311204 0.999503 1.05439
0.701232 -0.712634 0.0206476 100.907 0.712923 0.700767 -0.0258193 49.4935 0.00393053 0.0328255 0.999453 1.04984
0.700674 -0.713216 0.0194477 101.431 0.71347 0.700245 -0.024859 50.0183 0.00411171 0.0312934 0.999502 1.04913
0.699345 -0.714462 0.0214559 101.954 0.714783 0.698981 -0.022584 50.545 0.00113819 0.0311303 0.999515 1.04634
0.698207 -0.715359 0.0277052 102.482 0.715867 0.698 -0.018166 51.0753 -0.00634305 0.0325169 0.999451 1.04634
0.696986 -0.716205 0.0355225 103.024 0.71691 0.697054 -0.0124823 51.6116 -0.0158212 0.0341664 0.999291 1.03974
0.695847 -0.717235 0.0370289 103.565 0.717933 0.696052 -0.00913642 52.1537 -0.0192211 0.0329418 0.999272 1.03103
0.695141 -0.718156 0.032107 104.102 0.718687 0.695285 -0.00824635 52.7018 -0.0164014 0.0288072 0.99945 1.02614
0.693034 -0.720638 0.0196139 104.767 0.720904 0.692821 -0.017217 53.3954 -0.00118173 0.0260717 0.999659 1.03288
0.691503 -0.722148 0.0180577 105.137 0.722373 0.691265 -0.0181748 53.7846 0.000642245 0.0256123 0.999672 1.04157
0.689264 -0.724269 0.0186778 105.692 0.72451 0.689016 -0.0185123 54.3748 0.000538609 0.0262921 0.999654 1.04796
0.686876 -0.726425 0.0225291 106.262 0.726771 0.68663 -0.0185103 54.97 -0.00202281 0.0290878 0.999575 1.05557
0.683967 -0.728888 0.0301902 107.41 0.729477 0.683758 -0.0183941 56.1652 -0.00723558 0.034604 0.999375 1.06163
0.68357 -0.729085 0.0341504 108.005 0.729839 0.683302 -0.0208159 56.7833 -0.00815849 0.0391534 0.9992 1.07077
0.683351 -0.729391 0.0319261 108.729 0.730083 0.682873 -0.0257459 57.5503 -0.00302266 0.0409022 0.999159 1.07631
0.683807 -0.729212 0.0256268 109.248 0.729659 0.683267 -0.0272834 58.1027 0.00238543 0.0373554 0.999299 1.08291
0.684467 -0.728699 0.0224194 109.644 0.729039 0.684031 -0.0245546 58.5269 0.00255734 0.0331515 0.999447 1.08515
0.685427 -0.72807 0.0101717 110.389 0.728065 0.685087 -0.0240224 59.3271 0.0105215 0.0238712 0.99966 1.09792
0.686775 -0.726826 0.00799044 110.782 0.726835 0.686592 -0.0173617 59.7477 0.00713278 0.0177313 0.999817 1.10111
0.690114 -0.7237 0.00134302 111.562 0.723659 0.690052 -0.0120703 60.5764 0.00780849 0.00930173 0.999926 1.10757
0.692272 -0.721635 -0.00144977 112.107 0.72158 0.692242 -0.011132 61.1548 0.00903687 0.00666028 0.999937 1.1117
0.69414 -0.719831 -0.00373454 112.657 0.719753 0.694127 -0.0119302 61.7408 0.0111799 0.00559326 0.999922 1.12339
0.695116 -0.718894 0.00234749 113.103 0.718878 0.695069 -0.00966515 62.2025 0.00531655 0.00840596 0.999951 1.1299
0.696183 -0.717829 0.00713137 113.939 0.717826 0.69601 -0.0171783 63.0591 0.00736758 0.0170783 0.999827 1.14276
0.697311 -0.716718 0.00850027 114.504 0.716729 0.6971 -0.0187137 63.6353 0.00748689 0.0191417 0.999789 1.1511
0.698348 -0.715698 0.00928678 115.078 0.715744 0.698196 -0.0152725 64.2191 0.0044465 0.0173125 0.99984 1.15549
0.699372 -0.714687 0.0100313 115.702 0.714757 0.699324 -0.00825567 64.8589 -0.0011149 0.0129437 0.999916 1.15531
0.700182 -0.71388 0.010948 116.275 0.713924 0.700223 -0.000129381 65.4504 -0.00757371 0.00790666 0.99994 1.14894
0.701283 -0.712841 0.00768827 116.895 0.712873 0.70129 -0.00223067 66.0854 -0.00380159 0.0070451 0.999968 1.1393
0.701852 -0.712265 0.00910017 117.266 0.71231 0.70186 -0.00280811 66.4629 -0.00438693 0.00845302 0.999955 1.12867
0.701022 -0.712794 0.0221925 119.122 0.713047 0.701092 -0.00574562 68.3406 -0.0114635 0.0198521 0.999737 1.14141
0.699676 -0.713421 0.03852 119.849 0.713619 0.700451 0.0107517 69.0798 -0.0346518 0.0199659 0.9992 1.13575
0.699005 -0.714361 0.0328542 120.552 0.714488 0.699579 0.00978766 69.8062 -0.029976 0.0166323 0.999412 1.10632
0.698394 -0.715224 0.0264479 120.905 0.715305 0.698767 0.00796856 70.1773 -0.0241802 0.0133531 0.999618 1.09299
0.69732 -0.716713 0.00826256 121.711 0.71676 0.697281 -0.00738429 71.0124 -0.000468907 0.0110715 0.999939 1.08754
0.694524 -0.719403 0.00974602 122.767 0.719469 0.694447 -0.0104238 72.1039 0.000730833 0.0142515 0.999898 1.09708
0.692719 -0.72112 0.0112146 123.197 0.721201 0.692693 -0.0067277 72.5663 -0.00291676 0.0127484 0.999914 1.10822
0.689537 -0.724167 0.0110007 123.791 0.724243 0.68952 -0.00582397 73.1987 -0.00336768 0.011983 0.999923 1.11967
0.686538 -0.727041 0.00870877 124.371 0.727087 0.686535 -0.00388316 73.8204 -0.00315565 0.00899797 0.999954 1.12598
0.68396 -0.729518 -0.00133229 125.048 0.729518 0.683961 -0.000374765 74.5652 0.00118464 -0.000715606 0.999999 1.13528
0.68216 -0.731162 -0.00778306 125.648 0.731187 0.682176 0.000656595 75.2227 0.00482934 -0.00613878 0.999969 1.14146
0.681617 -0.731695 -0.00443491 126.004 0.731708 0.681593 0.00593281 75.6096 -0.00131821 -0.00728896 0.999972 1.14182
0.68026 -0.732964 -0.00316392 126.729 0.732968 0.68024 0.00551073 76.3884 -0.00188694 -0.00606778 0.99998 1.13898
0.678897 -0.734223 -0.00380772 127.2 0.734233 0.678891 0.00283082 76.9003 0.000506575 -0.00471759 0.999989 1.14606
0.67517 -0.737634 -0.00643272 127.843 0.737597 0.675201 -0.00733407 77.6025 0.00975324 0.00020699 0.999952 1.16224
0.671791 -0.740718 -0.00578844 128.253 0.740657 0.671812 -0.00977065 78.0642 0.011126 0.00227659 0.999936 1.17501
0.668163 -0.744012 -0.00207381 128.686 0.743996 0.668163 -0.00531167 78.558 0.0053376 0.00200616 0.999984 1.18278
0.66139 -0.750038 0.00257737 129.418 0.75004 0.661392 2.89176e-05 79.3968 -0.00172634 0.00191401 0.999997 1.17605
0.659491 -0.751651 0.00962202 129.741 0.751621 0.659556 0.00719283 79.7693 -0.0117528 0.0024885 0.999928 1.17329
0.654947 -0.755628 0.00839775 130.444 0.755485 0.654991 0.0151517 80.5819 -0.0169495 -0.00357916 0.99985 1.15721
0.651742 -0.758435 0.00293538 130.931 0.758328 0.651706 0.0147347 81.157 -0.0130883 -0.00737721 0.999887 1.14444
0.648945 -0.760835 0.000621576 131.294 0.76075 0.648884 0.0144681 81.5978 -0.0114111 -0.00891612 0.999895 1.13244
0.642287 -0.766443 -0.00566632 131.934 0.766464 0.642271 0.00460078 82.3817 0.000113075 -0.00729805 0.999973 1.13143
0.638823 -0.76934 -0.00460549 132.331 0.769351 0.638794 0.00642391 82.884 -0.0020002 -0.00764698 0.999969 1.1357
0.630565 -0.77607 -0.0101965 133.017 0.776132 0.630462 0.0116623 83.7486 -0.0026223 -0.0152677 0.99988 1.12838
0.62714 -0.77882 -0.0116325 133.348 0.778872 0.626902 0.0187849 84.1826 -0.00733761 -0.020841 0.999756 1.11429
0.61731 -0.786396 -0.0225564 133.988 0.78672 0.617087 0.0166077 85.0227 0.000859031 -0.0279977 0.999608 1.1068
0.603013 -0.797284 -0.0266961 134.973 0.797709 0.602908 0.0127489 86.3292 0.00593079 -0.0289835 0.999562 1.11627
0.599218 -0.800231 -0.0238563 135.32 0.800579 0.598825 0.0219441 86.8182 -0.00327459 -0.0322481 0.999475 1.11263
0.591599 -0.805877 -0.0239388 135.893 0.806153 0.590863 0.0315988 87.6208 -0.0113202 -0.0379922 0.999214 1.10283
0.586307 -0.809785 -0.0222054 136.305 0.8099 0.585357 0.037673 88.2071 -0.0175089 -0.0400721 0.999043 1.09013
0.577875 -0.815741 -0.0250172 136.941 0.815988 0.576945 0.0360254 89.1125 -0.0149539 -0.0412319 0.999038 1.07331
0.573014 -0.819043 -0.0286826 137.41 0.819493 0.572232 0.0313289 89.7891 -0.00924661 -0.0414571 0.999097 1.06213
0.571479 -0.820075 -0.0298143 137.685 0.820544 0.570565 0.0341007 90.2072 -0.0109541 -0.0439517 0.998974 1.0562
0.56819 -0.822091 -0.0364341 138.171 0.822853 0.56714 0.035566 90.9302 -0.00857521 -0.0501881 0.998703 1.04933
0.563904 -0.824527 -0.0465515 138.775 0.825837 0.563152 0.0291946 91.8287 0.00214386 -0.0549069 0.998489 1.0519
0.562589 -0.82549 -0.045381 139.089 0.826734 0.56161 0.0332462 92.3039 -0.00195798 -0.056222 0.998416 1.05833
0.559106 -0.827812 -0.0461188 139.731 0.829063 0.557718 0.0400775 93.2692 -0.00745541 -0.0606429 0.998132 1.05989
0.558314 -0.828539 -0.0425241 139.992 0.829473 0.556479 0.0480236 93.6702 -0.0161257 -0.0620848 0.997941 1.05332
0.548668 -0.835104 -0.0395522 141.038 0.836015 0.547669 0.0337365 95.2478 -0.00651201 -0.0515764 0.998648 1.0122
0.542301 -0.839176 -0.0411568 141.479 0.840171 0.541919 0.0208948 95.9401 0.00476922 -0.04591 0.998934 1.01577
0.5393 -0.841191 -0.039409 141.756 0.842113 0.538642 0.0266583 96.399 -0.00119732 -0.0475637 0.998867 1.01894
0.533744 -0.844828 -0.0371856 142.218 0.84559 0.532686 0.0349816 97.148 -0.00974518 -0.050115 0.998696 1.00848
0.524521 -0.85082 -0.0313616 142.816 0.851306 0.523568 0.0339732 98.119 -0.0124851 -0.0445179 0.998931 0.998533
0.513729 -0.857718 -0.0200657 143.667 0.857854 0.513174 0.0271991 99.5206 -0.013032 -0.0311864 0.999429 0.978911
0.51105 -0.859388 -0.0167423 143.934 0.859403 0.510503 0.0285305 99.9737 -0.0159717 -0.0289689 0.999453 0.972178
0.504438 -0.863272 -0.0174263 144.463 0.863442 0.504257 0.0138683 100.876 -0.00318479 -0.0220423 0.999752 0.963879
0.498607 -0.866748 -0.0117812 144.935 0.866786 0.498671 -0.00310055 101.665 0.00856232 -0.0086658 0.999926 0.967165
0.495709 -0.868454 -0.0078121 145.2 0.868486 0.495711 0.00179383 102.128 0.00231469 -0.00767392 0.999968 0.970514
0.488201 -0.872686 -0.00890557 145.757 0.87268 0.488037 0.0157838 103.111 -0.00942805 -0.0154774 0.999836 0.964036
0.485766 -0.874056 -0.00757617 146.043 0.873846 0.485408 0.0277939 103.637 -0.0206159 -0.0201217 0.999585 0.957639
0.479957 -0.877213 -0.0117786 146.587 0.877066 0.479485 0.0291487 104.645 -0.019922 -0.0243207 0.999506 0.933551
0.478549 -0.87795 -0.0139443 146.848 0.87788 0.478068 0.0278867 105.147 -0.0178168 -0.0255865 0.999514 0.918621
0.474652 -0.879612 -0.031433 147.35 0.880173 0.474327 0.0175844 106.104 -0.000557936 -0.036013 0.999351 0.91118
0.471482 -0.880974 -0.0398681 147.771 0.881816 0.471495 0.00965564 106.924 0.0102913 -0.0397088 0.999158 0.923946
0.469602 -0.882142 -0.0360483 148.102 0.882834 0.469594 0.00921085 107.56 0.00880281 -0.0361501 0.999308 0.940597
0.469537 -0.882381 -0.0306281 148.387 0.882912 0.469224 0.017164 108.111 -0.000773756 -0.0351011 0.999383 0.947586
0.470023 -0.882251 -0.0266644 148.897 0.882602 0.469452 0.0250946 109.061 -0.00962205 -0.0353291 0.999329 0.941995
0.469829 -0.882413 -0.0246572 149.208 0.882634 0.469112 0.029858 109.656 -0.0147801 -0.0357915 0.99925 0.931926
0.467737 -0.883461 -0.0268164 149.716 0.883847 0.467302 0.0210416 110.609 -0.00605802 -0.0335435 0.999419 0.917436
0.467127 -0.883845 -0.0247079 150.014 0.88419 0.466931 0.0135301 111.172 -0.000421609 -0.0281668 0.999603 0.915124
0.464187 -0.885543 -0.0185515 150.553 0.885602 0.46438 -0.00776722 112.18 0.0154932 -0.0128238 0.999798 0.935713
0.463835 -0.885811 -0.0140226 150.801 0.885843 0.463947 -0.00600752 112.649 0.0118273 -0.00963533 0.999884 0.954815
0.462399 -0.886557 -0.0142616 151.34 0.886662 0.46241 0.00270404 113.688 0.00419743 -0.0138956 0.999895 0.971631
0.462028 -0.886796 -0.0111206 151.587 0.886846 0.461898 0.0124517 114.17 -0.00590555 -0.0156153 0.999861 0.977705
0.460725 -0.887463 -0.011915 152.105 0.887534 0.460618 0.0106953 115.186 -0.00400339 -0.0155025 0.999872 0.977665
0.46074 -0.88736 -0.0175968 152.739 0.887534 0.46063 0.0101165 116.456 -0.000871345 -0.0202788 0.999794 0.980046
0.460202 -0.887495 -0.0237829 153.237 0.887814 0.460058 0.0115501 117.434 0.000690895 -0.0264302 0.99965 0.98589
0.460275 -0.887473 -0.0231952 153.497 0.88776 0.45995 0.018122 117.956 -0.00541412 -0.0289329 0.999567 0.987583
0.459607 -0.88766 -0.0286417 154.645 0.888034 0.458866 0.0289477 120.23 -0.012553 -0.0387394 0.99917 0.977943
0.458021 -0.888111 -0.0384137 155.133 0.888935 0.457752 0.0160385 121.22 0.00334004 -0.0414933 0.999133 0.985519
0.457748 -0.888243 -0.0386227 155.339 0.889082 0.457355 0.0189812 121.658 0.000804345 -0.0430274 0.999074 0.991601
0.45662 -0.888874 -0.0374246 155.743 0.889647 0.455965 0.0250007 122.453 -0.00515822 -0.0447105 0.998987 0.985491
0.456207 -0.889044 -0.0384114 156.114 0.88986 0.455533 0.0252782 123.187 -0.0049758 -0.0457128 0.998942 0.983508
0.456099 -0.889072 -0.0390428 156.459 0.889919 0.455448 0.0247254 123.869 -0.00420073 -0.0460222 0.998932 0.991049
0.456331 -0.888868 -0.0409328 156.836 0.88981 0.455812 0.0217643 124.619 -0.000687974 -0.0463541 0.998925 1.00417
0.457021 -0.888434 -0.0426198 157.185 0.889451 0.456647 0.0186999 125.314 0.0028486 -0.0464545 0.998916 1.00526
0.458033 -0.887765 -0.0455976 157.49 0.888907 0.457826 0.0155175 125.943 0.00709984 -0.0476395 0.998839 1.00925
0.459424 -0.886873 -0.048844 157.818 0.888128 0.45946 0.0111508 126.6 0.0125525 -0.0485027 0.998744 1.01098
0.461212 -0.885742 -0.0523821 158.137 0.887093 0.46155 0.00617242 127.236 0.0187098 -0.0493145 0.998608 1.0149
0.463523 -0.884276 -0.056592 158.445 0.885728 0.464202 0.00128963 127.857 0.0251298 -0.0507229 0.998397 1.0226
0.466692 -0.882261 -0.0617574 158.774 0.883802 0.467837 -0.00472404 128.512 0.0330603 -0.0523766 0.99808 1.03207
0.470162 -0.880191 -0.064892 159.07 0.881696 0.47171 -0.0100794 129.077 0.039482 -0.0524761 0.997841 1.03959
0.474169 -0.877889 -0.0668882 159.369 0.879315 0.476027 -0.0142865 129.631 0.0443826 -0.0520416 0.997658 1.05218
0.478728 -0.875237 -0.0691396 159.662 0.876642 0.480842 -0.0170398 130.179 0.0481591 -0.0524532 0.997461 1.0613
0.483819 -0.872275 -0.0711021 159.956 0.873673 0.486143 -0.018998 130.723 0.0511373 -0.0529284 0.997288 1.07073
0.489511 -0.86897 -0.0725968 160.256 0.870379 0.491976 -0.0199974 131.269 0.053093 -0.0533978 0.997161 1.07739
0.501462 -0.862085 -0.0731175 160.856 0.863683 0.503773 -0.0162862 132.328 0.0508747 -0.0549834 0.99719 1.11055
0.508191 -0.85877 -0.065234 161.191 0.860289 0.509736 -0.00851816 132.906 0.0405673 -0.0517913 0.997834 1.1198
0.51634 -0.854861 -0.0510487 161.641 0.855755 0.517327 -0.00750248 133.632 0.0328225 -0.0398114 0.998668 1.13443
0.519642 -0.853498 -0.0389021 161.87 0.854094 0.520113 -0.00238111 133.975 0.0222658 -0.0319887 0.99924 1.1249
0.525163 -0.850323 -0.0339798 162.307 0.850723 0.525594 -0.00458214 134.665 0.0217559 -0.026501 0.999412 1.12862
0.526372 -0.8497 -0.0307102 162.54 0.850111 0.526603 0.000648732 135.033 0.0156209 -0.0264485 0.999528 1.11988
0.526905 -0.849376 -0.0305039 163.331 0.849835 0.52703 0.00444582 136.316 0.0123003 -0.0282658 0.999525 1.12981
0.526914 -0.84956 -0.0247043 163.556 0.849918 0.526717 0.0144169 136.687 0.000764193 -0.0285931 0.999591 1.1175
0.527004 -0.849484 -0.0253517 163.925 0.849848 0.526587 0.0215302 137.288 -0.00493973 -0.0328916 0.999447 1.10332
0.526481 -0.849564 -0.0325406 164.287 0.850183 0.52598 0.0231106 137.879 -0.00251821 -0.0398328 0.999203 1.08712
0.52419 -0.850504 -0.0432196 164.744 0.851476 0.524308 0.00946821 138.622 0.0146077 -0.0417636 0.999021 1.08362
0.522643 -0.851551 -0.0412966 164.963 0.852403 0.522843 0.00665787 138.979 0.0159221 -0.038681 0.999125 1.09287
0.519489 -0.853657 -0.0374285 165.311 0.854363 0.519637 0.00642118 139.573 0.0139678 -0.0353133 0.999279 1.10794
0.514736 -0.856485 -0.0384739 165.654 0.857339 0.514421 0.0184515 140.177 0.0039884 -0.0424829 0.999089 1.11742
0.511396 -0.85872 -0.0327711 166.009 0.859265 0.510457 0.033114 140.792 -0.0117074 -0.0450935 0.998914 1.12196
0.508046 -0.861078 -0.0208179 166.373 0.860889 0.506864 0.0442559 141.411 -0.0275559 -0.0404059 0.998803 1.12093
0.499538 -0.865988 -0.02295 167.423 0.865978 0.498469 0.0401475 143.254 -0.0233273 -0.0399294 0.99893 1.05729
0.495584 -0.868188 -0.0253906 167.837 0.868527 0.495101 0.0231427 143.992 -0.00752135 -0.0335216 0.99941 1.05204
0.494519 -0.868956 -0.019157 168.165 0.869147 0.494236 0.017737 144.56 -0.00594462 -0.0254215 0.999659 1.05569
0.494097 -0.869348 -0.0101329 168.453 0.86934 0.49388 0.018211 145.045 -0.0108273 -0.0178069 0.999783 1.05871
0.493018 -0.870018 -0.00147593 168.823 0.869887 0.492913 0.0182357 145.673 -0.0151379 -0.0102744 0.999833 1.05497
0.49228 -0.870433 0.00270333 169.187 0.870283 0.492249 0.0172505 146.297 -0.0163461 -0.00613944 0.999848 1.04552
0.489593 -0.871919 0.00750958 169.999 0.87195 0.489558 -0.00598378 147.715 0.001541 0.00947759 0.999954 1.03103
0.488568 -0.872475 0.00941044 170.3 0.872513 0.488474 -0.0106884 148.245 0.00472861 0.0134327 0.999899 1.03687
0.487828 -0.872866 0.0113646 170.631 0.872929 0.487717 -0.0112668 148.832 0.00429172 0.0154167 0.999872 1.04656
0.487906 -0.87276 0.0154244 170.829 0.872894 0.487867 -0.00647722 149.184 -0.00187199 0.0166241 0.99986 1.04624
0.487672 -0.872813 0.0193309 171.181 0.873004 0.4877 -0.00355737 149.806 -0.00632274 0.0186108 0.999807 1.03811
0.487767 -0.872723 0.0209355 171.529 0.872959 0.487759 -0.0058133 150.423 -0.00513809 0.0211114 0.999764 1.02209
0.488247 -0.872492 0.0192939 171.868 0.872705 0.48811 -0.0116039 151.039 0.000706736 0.0225034 0.999747 1.01045
0.488383 -0.872478 0.0162632 172.202 0.872602 0.488135 -0.0170548 151.648 0.00694129 0.0225206 0.999722 1.01031
0.488591 -0.87242 0.0127143 172.529 0.872468 0.488366 -0.0172861 152.247 0.00887152 0.0195387 0.99977 1.01285
0.48892 -0.872229 0.0132144 172.85 0.872313 0.488764 -0.013429 152.836 0.00525444 0.0180927 0.999822 1.0149
0.48856 -0.872353 0.0175919 173.166 0.872527 0.488518 -0.0068897 153.411 -0.0025837 0.0187154 0.999821 1.00768
0.488279 -0.872404 0.0222613 173.474 0.872638 0.488365 -0.00177078 153.97 -0.00932679 0.0202907 0.999751 0.995733
0.487953 -0.872553 0.0235313 173.777 0.872765 0.488135 0.00236071 154.515 -0.0135463 0.0193854 0.99972 0.982161
0.486755 -0.873178 0.0251016 174.073 0.873379 0.487015 0.00510823 155.043 -0.0166852 0.0194367 0.999672 0.965408
0.483781 -0.874688 0.0296062 174.36 0.874995 0.484109 0.00466255 155.558 -0.0184109 0.0236497 0.999551 0.947699
0.47849 -0.877441 0.0338372 174.632 0.877931 0.478786 0.000758642 156.053 -0.0168665 0.0293438 0.999427 0.936846
