0.473004 -0.880732 0.024036 0.651659 0.881042 0.472995 -0.00642995 0.762306 -0.00570583 0.0242181 0.99969 1.04384
0.472561 -0.881052 0.0208437 1.05983 0.881294 0.472502 -0.00794458 1.56342 -0.00284913 0.0221237 0.999751 1.05817
0.471397 -0.881734 0.0181665 1.46666 0.88192 0.471329 -0.00816116 2.3595 -0.00136644 0.0198686 0.999802 1.05675
0.469833 -0.88259 0.0170825 1.86807 0.882755 0.469769 -0.00785195 3.13562 -0.00109478 0.0187688 0.999823 1.04773
0.468819 -0.8831 0.0185167 2.30051 0.883292 0.468762 -0.00759782 3.90352 -0.00197028 0.0199177 0.9998 1.05953
0.467237 -0.883913 0.0197113 2.72573 0.884127 0.467197 -0.00683229 4.70188 -0.00316991 0.0206196 0.999782 1.05462
0.466094 -0.884507 0.0200943 3.14106 0.884726 0.466074 -0.00596857 5.51721 -0.0040862 0.0205599 0.99978 1.06675
0.464735 -0.885221 0.0201236 3.55753 0.885444 0.464695 -0.00691063 6.33982 -0.00323392 0.02103 0.999774 1.06348
0.463318 -0.885961 0.0202108 3.97641 0.886189 0.463257 -0.00789438 7.14226 -0.00236866 0.0215682 0.999765 1.06353
0.462227 -0.886522 0.0206193 4.41328 0.886757 0.462174 -0.00758836 7.95153 -0.00280245 0.0217918 0.999759 1.07714
0.461971 -0.886659 0.0204876 4.84294 0.88688 0.461975 -0.00478266 8.77617 -0.00522417 0.0203795 0.999779 1.07983
0.46287 -0.886184 0.0207144 5.27471 0.886378 0.462963 -0.00034585 9.61958 -0.0092835 0.0185209 0.999785 1.07323
0.464286 -0.885411 0.022054 5.69527 0.885592 0.464455 0.00297107 10.4513 -0.0128737 0.0181514 0.999752 1.06436
0.465943 -0.884488 0.0240512 6.11034 0.884692 0.466159 0.00398296 11.2923 -0.0147345 0.019422 0.999703 1.05232
0.468 -0.883392 0.0243763 6.54146 0.883628 0.468185 0.00217889 12.1412 -0.0133374 0.0205198 0.9997 1.03329
0.469141 -0.882861 0.0214998 6.99298 0.883086 0.469206 -0.00224261 12.9921 -0.00810792 0.0200383 0.999766 1.07059
0.469979 -0.882495 0.0179177 7.45109 0.882671 0.469954 -0.00585372 13.8473 -0.00325461 0.0185666 0.999822 1.10039
0.470549 -0.882236 0.0156248 7.9294 0.882371 0.470522 -0.00555823 14.7044 -0.00244816 0.0164023 0.999862 1.12262
0.470458 -0.88225 0.0174388 8.35296 0.882387 0.470524 -0.000324545 15.5379 -0.00791905 0.0155405 0.999848 1.09887
0.469474 -0.88264 0.0232498 8.8018 0.882846 0.469654 0.00266089 16.4117 -0.013268 0.0192768 0.999726 1.06555
0.46833 -0.88288 0.0345018 9.28072 0.88345 0.468517 -0.00296472 17.2762 -0.0135472 0.031869 0.9994 1.06219
0.467343 -0.883153 0.0403986 9.75339 0.884011 0.467375 -0.00922494 18.1568 -0.0107343 0.040024 0.999141 1.03579
0.46625 -0.883809 0.0386304 10.2221 0.884627 0.466124 -0.0127578 19.0408 -0.00673109 0.0401219 0.999172 1.03992
0.464789 -0.88488 0.0309489 10.6723 0.885412 0.464664 -0.0115467 19.9099 -0.00416342 0.0327692 0.999454 1.06954
0.463402 -0.885763 0.0261331 11.1312 0.886138 0.463334 -0.00896689 20.7779 -0.00416584 0.0273129 0.999618 1.08678
0.462698 -0.886104 0.0270078 11.6083 0.886487 0.462714 -0.00606111 21.685 -0.0071261 0.0267465 0.999617 1.08639
0.461526 -0.886736 0.0263146 12.0694 0.887074 0.461619 -0.00278808 22.5833 -0.00967504 0.0246298 0.99965 1.07676
0.460532 -0.887226 0.0272223 12.5172 0.887561 0.46069 -0.000517979 23.4967 -0.0120815 0.0244 0.999629 1.06965
0.46022 -0.887364 0.0279671 12.9821 0.887678 0.460458 0.00237554 24.3984 -0.0149856 0.0237325 0.999606 1.07958
0.459573 -0.887702 0.0278977 13.4351 0.887964 0.45988 0.00546374 25.3002 -0.0176798 0.0222612 0.999596 1.07076
0.459839 -0.887563 0.0279497 13.9014 0.887815 0.46016 0.00605525 26.2059 -0.0182357 0.0220297 0.999591 1.04682
0.4601 -0.887378 0.0294694 14.3725 0.88771 0.46039 0.00353555 27.0995 -0.0167048 0.0245336 0.999559 1.0442
0.460144 -0.887389 0.0284158 14.8062 0.887732 0.460358 0.00112336 27.9753 -0.0140783 0.0247087 0.999596 1.03107
0.459732 -0.887698 0.0252588 15.261 0.887961 0.459915 0.0016405 28.8588 -0.0130732 0.0216746 0.99968 1.04407
0.457189 -0.888797 0.0319102 16.6206 0.889251 0.45742 -6.77638e-05 31.5446 -0.0145361 0.0284071 0.999491 1.02428
0.456911 -0.889143 0.0256415 17.0614 0.88946 0.457008 -0.00227274 32.4253 -0.00969757 0.0238455 0.999669 1.02453
0.456859 -0.889333 0.0191276 17.5055 0.889515 0.456899 -0.00248631 33.2853 -0.0065282 0.0181502 0.999814 1.05575
0.456401 -0.889608 0.017211 17.9525 0.88975 0.456447 -0.00140494 34.1521 -0.00660607 0.0159547 0.999851 1.07374
0.456137 -0.889628 0.0223713 18.4007 0.889847 0.456258 0.000338284 35.0153 -0.010508 0.0197528 0.99975 1.08377
0.456035 -0.889447 0.0302761 19.2667 0.889842 0.456268 0.000922408 36.7674 -0.0146345 0.0265203 0.999541 1.03716
0.455617 -0.889633 0.0310644 19.7231 0.890079 0.455805 -0.001158 37.5957 -0.0131291 0.0281774 0.999517 1.04678
0.45473 -0.890106 0.0305116 20.1662 0.890544 0.454895 -0.00171699 38.4749 -0.0123513 0.0279527 0.999533 1.06358
0.453946 -0.890468 0.0316147 20.6057 0.890917 0.454165 -0.000280033 39.3457 -0.0141089 0.0282932 0.9995 1.09504
0.453108 -0.890807 0.0340054 21.0455 0.891271 0.453461 0.0030773 40.2007 -0.0181614 0.0289137 0.999417 1.10783
0.45275 -0.890845 0.0375868 21.4755 0.891358 0.453261 0.00593659 41.0648 -0.0223252 0.0308155 0.999276 1.08653
0.452004 -0.891157 0.0391259 21.8875 0.891767 0.452479 0.00375903 41.893 -0.0210535 0.0331921 0.999227 1.03544
0.450561 -0.892035 0.0356252 22.2849 0.892627 0.450792 -0.00170251 42.7146 -0.0145409 0.0325671 0.999364 1.02275
0.449946 -0.89257 0.0294471 22.7044 0.893019 0.449983 -0.00571312 43.5443 -0.00815135 0.0288674 0.99955 1.04771
0.449006 -0.893238 0.0228161 23.1237 0.893512 0.44901 -0.00523697 44.3947 -0.0055668 0.0227379 0.999726 1.06964
0.448356 -0.89367 0.0181773 23.5399 0.893829 0.448406 -0.0014466 45.2496 -0.00685804 0.016896 0.999834 1.07344
0.444572 -0.895497 0.0210047 24.6868 0.89566 0.444728 0.00325027 47.5617 -0.012252 0.0173681 0.999774 1.04422
0.443316 -0.896128 0.020636 25.0661 0.896285 0.443467 0.00320572 48.3321 -0.0120241 0.0170746 0.999782 1.05813
0.442003 -0.896766 0.0210631 25.4266 0.896937 0.442151 0.00271871 49.0921 -0.0117511 0.0176906 0.999774 1.06211
0.44085 -0.897331 0.0211599 25.7839 0.8975 0.441005 0.0030598 49.8172 -0.0120773 0.0176421 0.999771 1.07628
0.439674 -0.897931 0.0201607 26.1208 0.898049 0.439859 0.00567404 50.5474 -0.0139627 0.0156105 0.999781 1.08828
0.438343 -0.898611 0.0187938 26.4623 0.898642 0.438568 0.010043 51.2661 -0.0172671 0.0124866 0.999773 1.0842
0.436782 -0.899402 0.0172477 26.806 0.899347 0.437019 0.0137861 51.9726 -0.0199368 0.00949012 0.999756 1.07288
0.43564 -0.899959 0.0170868 27.1358 0.899926 0.435862 0.0125188 52.6741 -0.0187139 0.00992316 0.999776 1.04926
0.434713 -0.900386 0.0181495 27.4267 0.900492 0.434851 0.00430527 53.3098 -0.0117687 0.0144719 0.999826 1.03119
0.433587 -0.900948 0.0171627 27.7321 0.901098 0.433607 -0.00275338 53.9567 -0.0049612 0.0166591 0.999849 1.05778
0.433231 -0.901195 0.0126192 28.0276 0.901282 0.43321 -0.00448567 54.5936 -0.00142428 0.0133167 0.99991 1.09472
0.43266 -0.901518 0.00837507 28.335 0.901552 0.432669 -0.000803127 55.2362 -0.0028996 0.00789804 0.999965 1.10279
0.431638 -0.902016 0.00749405 28.6191 0.902022 0.431672 0.00381235 55.8581 -0.00667377 0.00511425 0.999965 1.09382
0.430475 -0.902531 0.0113415 28.9063 0.902577 0.430523 0.00210001 56.4408 -0.00677809 0.00933256 0.999933 1.0731
0.43069 -0.902347 0.0166286 29.1674 0.902497 0.430663 -0.00531463 56.977 -0.00236569 0.0172962 0.999848 1.09409
0.431524 -0.901879 0.0200277 29.4199 0.902098 0.431352 -0.0124296 57.51 0.00257101 0.0234307 0.999722 1.09672
0.433894 -0.900775 0.0184674 29.6697 0.900951 0.433688 -0.0141878 58.0503 0.00477093 0.0227943 0.999729 1.10959
0.446826 -0.894487 0.0154863 30.4417 0.894603 0.446859 -0.00145317 59.5784 -0.00562032 0.0145034 0.999879 1.11218
0.45344 -0.89106 0.0201261 30.6839 0.89123 0.45355 0.00103515 60.0649 -0.0100506 0.0174676 0.999797 1.11429
0.462813 -0.88616 0.0228956 30.8999 0.886374 0.462967 0.00166054 60.5497 -0.0120714 0.0195256 0.999736 1.0928
0.475802 -0.879314 0.020455 31.1623 0.879474 0.475942 0.00229445 61.0042 -0.0117529 0.016898 0.999788 1.09648
0.491189 -0.870881 0.017302 31.401 0.870968 0.491321 0.00418948 61.4442 -0.0121494 0.0130117 0.999842 1.09159
0.513334 -0.858001 0.0179461 31.6764 0.858071 0.513498 0.00585521 61.7995 -0.0142391 0.0123934 0.999822 1.09324
0.538029 -0.842623 0.0226063 31.9077 0.842777 0.538245 0.00438353 62.152 -0.0158614 0.0166936 0.999735 1.08944
0.564056 -0.825351 0.0252236 32.1485 0.825535 0.56433 0.00486947 62.5047 -0.0182535 0.0180763 0.99967 1.08763
0.591536 -0.805843 0.0264861 32.3888 0.806014 0.591864 0.00615964 62.8533 -0.0206399 0.0177045 0.99963 1.1003
0.621213 -0.783202 0.0262334 32.6505 0.783335 0.621558 0.00715686 63.1948 -0.0219109 0.0161036 0.99963 1.10224
0.653663 -0.756342 0.0259215 32.9295 0.75644 0.654016 0.00783855 63.5235 -0.0228817 0.0144843 0.999633 1.09607
0.727435 -0.685715 0.0251454 33.5632 0.685773 0.727776 0.00762253 64.0949 -0.0235271 0.0116991 0.999655 1.08541
0.765065 -0.643496 0.0242688 33.8959 0.643541 0.765381 0.00695343 64.3258 -0.0230494 0.0102981 0.999681 1.08023
0.801338 -0.597745 0.0236491 34.2342 0.59778 0.801635 0.00634432 64.5332 -0.0227502 0.00905299 0.9997 1.06963
0.836237 -0.547865 0.0234872 34.5731 0.547886 0.836531 0.00610814 64.7227 -0.0229942 0.00776046 0.999705 1.05138
0.869654 -0.493118 0.023179 34.9165 0.493133 0.869937 0.00544319 64.8966 -0.0228484 0.00669666 0.999716 1.02925
0.926509 -0.375611 0.0222981 35.6283 0.37566 0.926755 0.00208555 65.173 -0.0214482 0.00644422 0.999749 1.00856
0.948464 -0.315997 0.0237096 36.0065 0.316043 0.948743 0.00185858 65.2875 -0.0230816 0.00573047 0.999717 0.999438
0.966378 -0.255828 0.025788 36.3826 0.255826 0.966717 0.00344963 65.3916 -0.0258122 0.00326358 0.999661 0.982193
0.980383 -0.19521 0.0272609 36.7566 0.195151 0.980761 0.00485348 65.4696 -0.0276839 0.000561711 0.999617 0.9759
0.990424 -0.135223 0.0278231 37.1479 0.135166 0.990815 0.00395922 65.5134 -0.0281029 -0.00016058 0.999605 0.96563
0.996638 -0.0771234 0.0276389 37.5375 0.0771227 0.997021 0.00109407 65.5448 -0.0276409 0.00104119 0.999617 0.948809
0.999378 -0.0223105 0.0272939 37.9108 0.0223324 0.99975 -0.000498358 65.5594 -0.0272759 0.00110759 0.999627 0.951026
0.999164 0.0310071 0.0266296 38.2882 -0.0310878 0.999513 0.00262142 65.5527 -0.0265354 -0.00344709 0.999642 0.961764
0.996261 0.0822634 0.0263824 38.6617 -0.0824396 0.99658 0.00565868 65.5228 -0.0258267 -0.00781248 0.999636 0.953595
0.991553 0.127455 0.024035 38.9984 -0.12754 0.991831 0.00203113 65.4646 -0.0235797 -0.0050794 0.999709 0.875274
0.985278 0.169388 0.023143 39.4111 -0.169313 0.985549 -0.00518423 65.3683 -0.0236867 0.0011895 0.999719 0.802591
0.978063 0.206877 0.0243924 39.7975 -0.206696 0.978357 -0.00971861 65.3093 -0.025875 0.00446359 0.999655 0.777085
0.9704 0.240079 0.0261904 40.147 -0.239899 0.970748 -0.00983816 65.2444 -0.0277862 0.0032639 0.999609 0.822028
0.962322 0.270621 0.0264597 40.5 -0.270574 0.962684 -0.00540752 65.1524 -0.0269357 -0.00195553 0.999635 0.90848
0.954299 0.297927 0.0235108 40.8888 -0.298023 0.954559 0.000610385 65.028 -0.0222606 -0.00758924 0.999723 0.931965
0.946196 0.322962 0.0201945 41.2686 -0.323084 0.946366 0.0030079 64.9037 -0.0181399 -0.00937058 0.999792 0.917404
0.938105 0.345968 0.0162739 41.6657 -0.346037 0.93822 0.00153036 64.7735 -0.014739 -0.007067 0.999866 0.885944
0.930237 0.366791 0.0111233 42.0751 -0.366795 0.9303 -0.00170777 64.6301 -0.0109744 -0.00249135 0.999937 0.85473
0.923331 0.383976 0.00467631 42.4807 -0.38397 0.923343 -0.00224627 64.4564 -0.00518035 0.000278488 0.999987 0.874178
0.916253 0.400598 0.000848687 42.8793 -0.400598 0.916254 -0.000831512 64.2499 -0.00111071 0.000421894 0.999999 0.92496
0.909646 0.415354 0.00506789 43.3025 -0.415363 0.909656 0.000838897 64.0341 -0.0042616 -0.00286811 0.999987 0.927108
0.903269 0.428936 0.0108747 43.7358 -0.428982 0.903311 0.00213506 63.8303 -0.00890741 -0.00659358 0.999939 0.908918
0.897257 0.441263 0.0147136 44.1752 -0.441343 0.897335 0.002555 63.6136 -0.0120756 -0.00878625 0.999888 0.882981
0.891652 0.452475 0.0149544 44.6236 -0.452529 0.89175 0.000278116 63.3761 -0.0132097 -0.00701528 0.999888 0.857863
0.886637 0.4623 0.0123799 45.0971 -0.462303 0.886718 -0.00283624 63.117 -0.0122887 -0.00320854 0.999919 0.862914
0.88261 0.470013 0.009406 45.5654 -0.469968 0.882658 -0.00665835 62.8605 -0.0114318 0.00145621 0.999934 0.857731
0.879692 0.475471 0.00828606 46.0375 -0.475413 0.879725 -0.00815385 62.6031 -0.0111664 0.00323358 0.999932 0.841
0.877443 0.479592 0.00927634 46.532 -0.479555 0.877491 -0.00599621 62.3307 -0.0110156 0.000812813 0.999939 0.831423
0.874631 0.484676 0.0104813 47.0379 -0.484679 0.874689 -0.00247927 62.048 -0.0103695 -0.0029116 0.999942 0.81628
0.872056 0.489282 0.0110666 47.5966 -0.48932 0.872104 0.000818592 61.7449 -0.00925071 -0.00612896 0.999938 0.797225
0.870139 0.492682 0.0110888 48.1654 -0.492734 0.870177 0.00230146 61.4379 -0.00851531 -0.0074664 0.999936 0.766454
0.86692 0.498361 0.00932514 49.8602 -0.49834 0.86697 -0.0046066 60.4579 -0.0103804 -0.000653537 0.999946 0.730721
0.868755 0.495223 0.00423747 51.0776 -0.495133 0.868712 -0.0135109 59.7523 -0.010372 0.00963953 0.9999 0.707385
0.870777 0.491666 0.00334251 51.7143 -0.491569 0.870708 -0.015101 59.3995 -0.010335 0.0115065 0.99988 0.700618
0.873026 0.48766 0.0037205 52.3575 -0.487579 0.87298 -0.0131224 59.0425 -0.00964719 0.00964213 0.999907 0.69694
0.875255 0.48364 0.00469275 53.0172 -0.483548 0.875218 -0.0132186 58.6753 -0.0105002 0.00930046 0.999902 0.689526
0.876939 0.480571 0.0053702 53.6911 -0.480454 0.876892 -0.0149417 58.3022 -0.0118897 0.0105228 0.999874 0.681253
0.878666 0.477385 0.00705 54.4152 -0.477268 0.878653 -0.0136097 57.933 -0.0126916 0.00859364 0.999883 0.63703
0.880604 0.473776 0.00859243 55.111 -0.473655 0.880615 -0.0129804 57.5764 -0.0137164 0.00736071 0.999879 0.624368
0.884543 0.466407 0.00692305 56.5016 -0.46627 0.884511 -0.0152616 56.8316 -0.0132416 0.0102715 0.99986 0.609446
0.885374 0.464846 0.00561003 57.2037 -0.464761 0.885356 -0.0119105 56.4496 -0.0105034 0.00793792 0.999913 0.600219
0.885073 0.465411 0.00622625 57.955 -0.465398 0.885094 -0.00358016 56.0861 -0.00717706 0.00027102 0.999974 0.604497
0.884682 0.466127 0.00794441 58.724 -0.46616 0.884695 0.00292855 55.725 -0.00566331 -0.00629421 0.999964 0.617844
0.884807 0.465875 0.00872258 60.1551 -0.465902 0.884836 0.00117241 54.9718 -0.00717186 -0.00510122 0.999961 0.597468
0.885133 0.465211 0.0109128 60.8574 -0.465256 0.885174 0.00187454 54.6059 -0.00878766 -0.00673646 0.999939 0.597525
0.885203 0.465096 0.0100841 62.3374 -0.465135 0.885238 0.00174552 53.8387 -0.00811502 -0.00623562 0.999948 0.579516
0.884935 0.465609 0.00994538 63.0846 -0.465658 0.884959 0.00320457 53.4598 -0.00730918 -0.00746698 0.999945 0.590061
0.883842 0.467644 0.0114702 63.8202 -0.467733 0.883845 0.00669374 53.0793 -0.0070076 -0.0112812 0.999912 0.599162
0.879518 0.475482 0.0191187 65.2908 -0.47576 0.87946 0.0142059 52.3438 -0.0100595 -0.0215902 0.999716 0.628421
0.876656 0.480606 0.0221813 66.0151 -0.480967 0.876603 0.01544 51.9545 -0.0120236 -0.024204 0.999635 0.634085
0.873501 0.486311 0.0222895 66.7247 -0.486639 0.873512 0.0126352 51.5691 -0.0133255 -0.0218838 0.999672 0.649889
0.869299 0.493862 0.0204853 67.4206 -0.49411 0.869349 0.00932237 51.1876 -0.0132049 -0.0182259 0.999747 0.630434
0.864199 0.502772 0.0194992 68.1133 -0.502982 0.864263 0.00764614 50.7957 -0.0130082 -0.0164155 0.999781 0.621844
0.85875 0.511985 0.020472 68.8137 -0.512232 0.858798 0.00915981 50.3948 -0.0128916 -0.0183524 0.999748 0.622088
0.852965 0.52148 0.0225874 69.4973 -0.521798 0.852993 0.0113703 49.9786 -0.0133376 -0.0214845 0.99968 0.621653
0.846893 0.531176 0.024969 70.1709 -0.531564 0.846927 0.012439 49.5518 -0.0145396 -0.0238072 0.999611 0.636932
0.840815 0.540714 0.0256426 70.8366 -0.541083 0.840908 0.010154 49.1153 -0.0160726 -0.0224124 0.99962 0.634532
0.834831 0.549937 0.0250229 71.4796 -0.55026 0.834955 0.00803917 48.6936 -0.016472 -0.0204804 0.999655 0.609104
0.828959 0.558751 0.0249941 72.1243 -0.559073 0.82908 0.00796767 48.2671 -0.0162701 -0.0205784 0.999656 0.605705
0.823097 0.567286 0.0264158 72.7728 -0.567699 0.823153 0.0116771 47.8379 -0.0151199 -0.0246076 0.999583 0.601142
0.817186 0.575817 0.0253273 73.4054 -0.576212 0.817209 0.0122525 47.4126 -0.0136424 -0.0246065 0.999604 0.597521
0.812029 0.583203 0.0219918 74.0039 -0.583494 0.812056 0.0100183 46.9666 -0.0120158 -0.0209672 0.999708 0.614727
0.806571 0.59078 0.0205256 74.6075 -0.591029 0.806601 0.00890881 46.5309 -0.0112928 -0.0193168 0.99975 0.630849
0.801346 0.597885 0.0194412 75.2168 -0.5981 0.801385 0.00767499 46.0832 -0.0109912 -0.0177781 0.999782 0.628096
0.796404 0.604414 0.0205885 75.8149 -0.604643 0.796465 0.00706341 45.6294 -0.0121288 -0.018074 0.999763 0.603922
0.79232 0.609703 0.0221565 76.4033 -0.609938 0.792431 0.00530316 45.1906 -0.0143241 -0.0177159 0.99974 0.582716
0.790391 0.61223 0.0213613 76.9392 -0.612371 0.79057 0.000113136 44.7397 -0.0168184 -0.0131705 0.999772 0.583821
0.788753 0.614362 0.0206736 77.4833 -0.614414 0.788971 -0.00446209 44.3168 -0.0190522 -0.00918265 0.999776 0.581097
0.787279 0.616252 0.0205963 78.0288 -0.616255 0.787516 -0.00695776 43.8965 -0.0205077 -0.00721489 0.999764 0.566611
0.786166 0.617703 0.0196221 78.5845 -0.617686 0.786388 -0.00763939 43.4749 -0.0201495 -0.00611448 0.999778 0.562874
0.788384 0.614961 0.0165447 79.5827 -0.614952 0.78854 -0.00617446 42.6745 -0.0168432 -0.00530636 0.999844 0.559785
0.791208 0.611377 0.0144004 80.0768 -0.611334 0.791335 -0.00774697 42.279 -0.0161319 -0.00267398 0.999866 0.565086
0.796092 0.605055 0.0120868 80.5424 -0.604984 0.796183 -0.00926318 41.9218 -0.0152281 6.20056e-05 0.999884 0.585273
0.802365 0.596773 0.00846583 81 -0.596667 0.802395 -0.0122751 41.5986 -0.0141184 0.00479784 0.999889 0.616067
0.809765 0.586749 0.00246173 81.4562 -0.586629 0.809673 -0.0171951 41.2857 -0.0120824 0.0124798 0.999849 0.639566
0.818736 0.574165 -0.00251995 81.9066 -0.574081 0.818523 -0.0212222 40.9894 -0.0101224 0.018822 0.999772 0.657098
0.830139 0.557532 -0.0052338 82.3383 -0.55751 0.82991 -0.0207696 40.7291 -0.00723616 0.0201596 0.999771 0.662912
0.842831 0.538146 -0.00590038 82.779 -0.538156 0.842647 -0.0182764 40.4596 -0.00486344 0.0185793 0.999816 0.669873
0.856858 0.515526 -0.00529409 83.2266 -0.515543 0.856734 -0.0149042 40.1913 -0.00314789 0.0155001 0.999875 0.678806
0.872513 0.488578 -0.00344303 83.7179 -0.488584 0.872447 -0.0110159 39.9246 -0.00237825 0.0112937 0.999933 0.69357
0.889044 0.457817 -0.00226372 84.2133 -0.457817 0.888997 -0.00938093 39.6824 -0.00228231 0.00937643 0.999953 0.696593
0.908611 0.417643 -0.000247347 84.6759 -0.417615 0.908544 -0.0120171 39.5355 -0.00479415 0.0110222 0.999928 0.69128
0.926834 0.37546 0.00302432 85.1278 -0.375386 0.926765 -0.0138748 39.3939 -0.00801226 0.0117244 0.999899 0.679276
0.943835 0.330333 0.00742203 85.6056 -0.330228 0.943817 -0.012595 39.2944 -0.0111656 0.00943668 0.999893 0.687345
0.959376 0.281931 0.0106167 86.1007 -0.281821 0.959407 -0.0107695 39.2054 -0.013222 0.00734002 0.999886 0.693587
0.973395 0.228905 0.0102038 86.5977 -0.228789 0.973409 -0.0113909 39.1466 -0.0125399 0.00875336 0.999883 0.693224
0.985332 0.170477 0.00769672 87.0948 -0.170365 0.985289 -0.0134664 39.1183 -0.00987921 0.0119576 0.99988 0.710645
0.994561 0.104124 0.00247959 87.5813 -0.104066 0.994422 -0.0171777 39.0898 -0.00425437 0.0168263 0.999849 0.737636
0.999407 0.0343201 -0.00261349 88.0583 -0.0343647 0.999217 -0.0195839 39.101 0.00193933 0.0196621 0.999805 0.76816
0.999301 -0.0368531 -0.00633831 88.5244 0.0367296 0.999152 -0.0186175 39.1532 0.00701905 0.0183717 0.999807 0.794549
0.994112 -0.107939 -0.00948741 88.984 0.107771 0.994036 -0.0166929 39.2454 0.0112326 0.0155722 0.999816 0.804469
0.983835 -0.178695 -0.0117097 89.4341 0.178493 0.983803 -0.0164587 39.3722 0.0144611 0.0141026 0.999796 0.795274
0.968779 -0.247656 -0.0116017 89.8875 0.24743 0.968739 -0.0179839 39.5307 0.0156928 0.0145518 0.999771 0.784666
0.925363 -0.37907 -0.00302586 90.7692 0.378968 0.925252 -0.0170931 39.9225 0.00927917 0.0146706 0.999849 0.79353
0.897352 -0.4413 0.00366173 91.2124 0.441308 0.897256 -0.0133511 40.1604 0.00260634 0.0135966 0.999904 0.784151
0.866404 -0.499271 0.00853732 91.6338 0.499339 0.866345 -0.0103717 40.422 -0.00221798 0.0132491 0.99991 0.777436
0.804314 -0.594039 0.0140151 92.3515 0.594106 0.804386 -0.000790129 40.9281 -0.0108042 0.00896199 0.999901 0.774588
0.776457 -0.630041 0.0127504 92.691 0.630037 0.77655 0.00481341 41.1719 -0.012934 0.00429584 0.999907 0.795191
0.751737 -0.659397 0.00930621 93.0297 0.659336 0.751795 0.00896657 41.4234 -0.0129089 -0.000604578 0.999916 0.8184
0.737474 -0.675336 0.00734695 93.3935 0.675282 0.737509 0.00861626 41.7774 -0.0112373 -0.001393 0.999936 0.77419
0.723812 -0.689941 0.00879983 93.7341 0.68991 0.723865 0.00660237 42.0933 -0.0109251 0.00129222 0.999939 0.799207
0.710494 -0.703611 0.011414 94.0769 0.703605 0.710572 0.00518015 42.4227 -0.0117552 0.00435045 0.999921 0.833019
0.701839 -0.71227 0.00969553 94.4628 0.712271 0.701894 0.0039527 42.7547 -0.00962062 0.00413168 0.999945 0.889465
0.695644 -0.718364 0.00571525 94.7872 0.718337 0.695668 0.00619222 43.1446 -0.00842418 -0.000202102 0.999964 0.901383
0.690822 -0.723021 0.00230208 95.1169 0.722968 0.690804 0.0103251 43.533 -0.00905558 -0.0054685 0.999944 0.914552
0.68781 -0.725887 -0.00206056 95.4777 0.725861 0.687755 0.0108809 43.9475 -0.00648112 -0.00897965 0.999939 0.938945
0.686749 -0.726877 -0.00507797 95.8176 0.72689 0.686703 0.00842327 44.3236 -0.00263562 -0.0094758 0.999952 0.960558
0.687719 -0.725956 -0.00551594 96.1917 0.725977 0.687703 0.0046466 44.7139 0.000420099 -0.0072 0.999974 0.990578
0.690499 -0.723317 -0.0047759 96.5981 0.723325 0.690508 -0.000183191 45.1292 0.0034303 -0.00332803 0.999989 1.00716
0.694065 -0.719894 -0.00503757 96.9946 0.71988 0.694084 -0.00458234 45.5387 0.0067953 -0.000446003 0.999977 1.03881
0.697338 -0.716689 -0.0087673 97.3922 0.716693 0.697382 -0.00323916 45.9582 0.00843563 -0.00402467 0.999956 1.05179
0.700862 -0.7132 -0.0117605 97.8039 0.713263 0.700894 0.00181512 46.3909 0.0069483 -0.00966046 0.999929 1.057
0.705362 -0.708775 -0.010057 98.2447 0.708845 0.705325 0.00749582 46.8346 0.00178057 -0.0124161 0.999921 1.0869
0.708535 -0.705632 -0.00785644 98.7109 0.705666 0.708421 0.0132399 47.3179 -0.00377686 -0.014925 0.999881 1.07905
0.713634 -0.700505 -0.00426855 99.6215 0.700398 0.713386 0.0228756 48.2027 -0.0129794 -0.0193145 0.999729 1.03035
0.714519 -0.699616 -0.000710638 100.088 0.69948 0.714359 0.0204689 48.6395 -0.0138127 -0.0151225 0.99979 1.01976
0.714296 -0.699831 -0.00432761 100.576 0.699826 0.71422 0.0115712 49.1173 -0.00500701 -0.0112938 0.999924 1.04545
0.71396 -0.700151 -0.00708804 101.065 0.700179 0.713962 0.00260457 49.6012 0.003237 -0.00682245 0.999972 1.04092
0.712154 -0.70194 -0.0107856 101.569 0.701981 0.712196 -4.1811e-05 50.1352 0.00771083 -0.00754153 0.999942 1.04676
0.709855 -0.704239 -0.0123561 102.051 0.704326 0.709862 0.00463103 50.6196 0.00550975 -0.0119901 0.999913 1.02845
0.708359 -0.705798 -0.00873355 102.555 0.70585 0.708266 0.0116302 51.1179 -0.00202291 -0.0144029 0.999894 1.05178
0.706228 -0.70795 -0.00691066 103.109 0.707942 0.706047 0.0177328 51.6392 -0.00767472 -0.0174158 0.999819 1.04641
0.70461 -0.709571 -0.00578248 103.626 0.709532 0.704416 0.019015 52.1672 -0.00941919 -0.017501 0.999802 1.0568
0.702812 -0.711344 -0.00668464 104.127 0.711334 0.702639 0.0173987 52.7049 -0.00767956 -0.016983 0.999826 1.07143
0.701059 -0.713035 -0.00984477 104.627 0.7131 0.700952 0.012423 53.251 -0.00195731 -0.0157296 0.999874 1.09339
0.698799 -0.715166 -0.0147243 105.185 0.715316 0.698699 0.0119605 53.8364 0.00173414 -0.0188906 0.99982 1.08819
0.696118 -0.71769 -0.0184537 105.735 0.717922 0.695983 0.013966 54.4338 0.00282015 -0.0229703 0.999732 1.07601
0.693636 -0.720178 -0.0145787 106.325 0.720325 0.693495 0.0140182 55.0122 1.46739e-05 -0.0202249 0.999795 1.09545
0.690202 -0.723575 -0.0077358 107.469 0.723598 0.690067 0.0146345 56.1712 -0.00525095 -0.0156984 0.999863 1.1185
0.689232 -0.724536 -0.00246778 108.041 0.724504 0.68916 0.0123408 56.7767 -0.00724068 -0.0102936 0.999921 1.13676
0.688431 -0.725302 0.000114353 108.596 0.725252 0.688385 0.01164 57.3898 -0.00852121 -0.00793037 0.999932 1.11057
0.68809 -0.725619 0.00295415 109.157 0.72558 0.688087 0.00834657 57.9968 -0.00808915 -0.00359972 0.999961 1.10446
0.688956 -0.724803 0.00093356 109.706 0.72478 0.688944 0.00710425 58.5968 -0.00579235 -0.00421789 0.999974 1.10057
0.690327 -0.723471 -0.00615608 110.266 0.723489 0.690254 0.0106337 59.2111 -0.00344391 -0.0117946 0.999924 1.11418
0.692119 -0.721501 -0.0201857 110.875 0.721776 0.691717 0.023802 59.8474 -0.00321039 -0.0310434 0.999513 1.0972
0.694769 -0.718751 -0.0263331 111.457 0.719218 0.69405 0.0319446 60.4772 -0.00468374 -0.0411333 0.999143 1.08706
0.696597 -0.716935 -0.0274992 112.048 0.717443 0.695781 0.0341357 61.1066 -0.00533968 -0.043508 0.999039 1.09652
0.697546 -0.716168 -0.023082 112.619 0.716529 0.696999 0.0278793 61.7303 -0.00387811 -0.0359861 0.999345 1.13722
0.698754 -0.71512 -0.0186301 113.261 0.715353 0.698373 0.0233609 62.3671 -0.00369511 -0.0296506 0.999553 1.14615
0.699024 -0.714917 -0.0161039 113.881 0.71509 0.698729 0.0206183 62.977 -0.00348808 -0.0259284 0.999658 1.15967
0.699672 -0.714321 -0.0143169 114.484 0.714455 0.699422 0.0190584 63.5948 -0.00360021 -0.0235634 0.999716 1.15705
0.700631 -0.713391 -0.0137684 115.094 0.713494 0.700294 0.022663 64.2133 -0.00652566 -0.0257021 0.999648 1.15201
0.70179 -0.712272 -0.0126131 115.687 0.712291 0.701303 0.0285627 64.8414 -0.0114988 -0.0290293 0.999512 1.14203
0.702317 -0.711775 -0.0112847 116.29 0.711662 0.701653 0.0349339 65.4732 -0.0169471 -0.0325656 0.999326 1.13755
0.703164 -0.710942 -0.0110649 116.877 0.7109 0.702656 0.0299454 66.0719 -0.0135146 -0.0289226 0.99949 1.12648
0.703394 -0.710662 -0.0140118 117.452 0.710791 0.703155 0.0186575 66.653 -0.00340673 -0.0230831 0.999728 1.11135
0.70156 -0.712514 -0.0117422 119.268 0.712596 0.701347 0.0178577 68.4759 -0.00448845 -0.0208957 0.999771 1.13403
0.699979 -0.714159 0.00234803 119.876 0.713789 0.699715 0.0300585 69.106 -0.0231095 -0.0193643 0.999545 1.09155
0.699394 -0.714683 0.00876121 120.447 0.714196 0.699289 0.0303138 69.7096 -0.0277914 -0.0149441 0.999502 1.12416
0.698564 -0.715547 0.000766428 120.976 0.715277 0.698329 0.026763 70.2743 -0.0196854 -0.0181475 0.999642 1.11657
0.698169 -0.71582 -0.0126925 121.561 0.715919 0.697937 0.0185299 70.8709 -0.00440549 -0.0220238 0.999748 1.12869
0.69491 -0.718871 -0.0180339 122.747 0.719074 0.69487 0.00939242 72.0842 0.00577927 -0.0194946 0.999793 1.11471
0.691769 -0.722091 -0.00625407 123.273 0.722113 0.691706 0.00977044 72.6761 -0.00272917 -0.011275 0.999933 1.16458
0.688588 -0.72513 -0.00572019 123.849 0.725145 0.688526 0.0097893 73.2845 -0.00316001 -0.0108888 0.999936 1.17749
0.686224 -0.727295 -0.0118045 124.394 0.727386 0.686074 0.0145619 73.8643 -0.0024921 -0.0185792 0.999824 1.1605
0.684067 -0.729237 -0.0162679 124.949 0.729415 0.683827 0.0182698 74.5122 -0.0021986 -0.0243639 0.999701 1.17745
0.683135 -0.730092 -0.0171008 125.498 0.730277 0.682784 0.0223985 75.0966 -0.00467677 -0.0277895 0.999603 1.14683
0.682112 -0.731065 -0.0163335 126.089 0.7312 0.681641 0.0267063 75.7132 -0.00839049 -0.0301597 0.99951 1.13742
0.680821 -0.732286 -0.0154803 126.664 0.732377 0.680303 0.0284887 76.3111 -0.0103306 -0.0307331 0.999474 1.13567
0.678841 -0.734157 -0.0137493 127.178 0.73426 0.67854 0.0211231 76.8825 -0.0061782 -0.0244348 0.999682 1.17891
0.676007 -0.736787 -0.012625 127.718 0.736894 0.675874 0.0134781 77.473 -0.00139759 -0.0184146 0.999829 1.20852
0.671231 -0.741153 -0.0118936 128.241 0.741248 0.671154 0.0102014 78.0791 0.000421637 -0.0156636 0.999877 1.20224
0.665916 -0.745951 -0.0105924 128.77 0.746025 0.665823 0.0112102 78.6858 -0.00130959 -0.0153673 0.999881 1.18747
0.660964 -0.75038 -0.00747856 129.296 0.750368 0.660775 0.0180143 79.2946 -0.00857593 -0.0175185 0.99981 1.12704
0.657076 -0.753822 0.00179085 129.86 0.753511 0.656869 0.0272899 79.9127 -0.0217481 -0.0165821 0.999626 1.1788
0.654192 -0.756315 0.00451888 130.374 0.755847 0.653976 0.0317945 80.5129 -0.0270019 -0.0173841 0.999484 1.16359
0.650621 -0.759391 0.00427307 130.889 0.75897 0.65043 0.0301021 81.1329 -0.0256386 -0.0163419 0.999538 1.1464
0.645872 -0.763445 0.000211151 131.381 0.763236 0.645702 0.0232534 81.7489 -0.017889 -0.0148576 0.99973 1.13071
0.639823 -0.768513 -0.00383367 131.888 0.768494 0.639749 0.0117638 82.3921 -0.00658808 -0.0104729 0.999923 1.1579
0.634428 -0.772925 -0.009403 132.412 0.77298 0.634351 0.0100665 83.0475 -0.00181587 -0.0136548 0.999905 1.15308
0.628902 -0.777376 -0.0130024 132.916 0.77747 0.628697 0.0167635 83.6926 -0.004857 -0.0206516 0.999775 1.10391
0.622662 -0.782371 -0.0137031 133.423 0.782451 0.622359 0.0209772 84.3365 -0.00788376 -0.0237837 0.999686 1.07527
0.615251 -0.78817 -0.0159106 133.887 0.788307 0.614949 0.0202315 84.978 -0.00616167 -0.0249899 0.999669 1.09623
0.601541 -0.798638 -0.0180768 134.902 0.798839 0.601316 0.0166051 86.2856 -0.00239164 -0.0244291 0.999699 1.11808
0.595133 -0.803399 -0.0191507 135.392 0.803603 0.59476 0.0219849 86.9665 -0.0062726 -0.0284735 0.999575 1.09787
0.588069 -0.80861 -0.0179833 135.865 0.808724 0.587537 0.0276606 87.6465 -0.0118008 -0.0308099 0.999456 1.09361
0.581763 -0.813242 -0.0137655 136.341 0.813161 0.581165 0.031885 88.3046 -0.0179301 -0.0297431 0.999397 1.08415
0.575955 -0.817409 -0.0108554 136.816 0.817182 0.575333 0.0347292 88.9789 -0.0221425 -0.0288733 0.999338 1.08208
0.572042 -0.820151 -0.0109522 137.303 0.819918 0.571412 0.0349519 89.6641 -0.0224077 -0.0289738 0.999329 1.05835
0.569129 -0.822095 -0.0159046 137.765 0.822087 0.568528 0.0307846 90.3831 -0.0162656 -0.0305954 0.999399 1.0705
0.566273 -0.823896 -0.0230372 138.225 0.824172 0.565725 0.0263763 91.07 -0.00869863 -0.0339228 0.999387 1.06602
0.564139 -0.825181 -0.028702 138.677 0.825674 0.563664 0.0233601 91.7366 -0.00309799 -0.0368769 0.999315 1.0748
0.561566 -0.826826 -0.0316688 139.137 0.827427 0.561018 0.024973 92.4126 -0.00288153 -0.0402276 0.999186 1.08405
0.55899 -0.828552 -0.0321323 139.596 0.829127 0.558123 0.0323481 93.1122 -0.00886832 -0.044724 0.99896 1.0792
0.556345 -0.830459 -0.0286012 140.058 0.830703 0.555008 0.0435703 93.809 -0.0203094 -0.0479992 0.998641 1.05351
0.547945 -0.836374 -0.0152955 140.956 0.836146 0.54707 0.0396892 95.1417 -0.0248273 -0.0345368 0.999095 0.98507
0.542002 -0.840265 -0.0137233 141.407 0.840282 0.541624 0.0238649 95.8615 -0.01262 -0.0244663 0.999621 1.03606
0.536576 -0.8436 -0.0206529 141.848 0.843792 0.536083 0.0251289 96.5997 -0.010127 -0.0309103 0.999471 1.03483
0.530411 -0.847499 -0.0202627 142.285 0.847617 0.529773 0.0297836 97.3113 -0.014507 -0.0329725 0.999351 0.985335
0.523618 -0.851873 -0.0117086 142.738 0.85172 0.523103 0.0305919 98.0229 -0.0199356 -0.0259909 0.999463 1.01218
0.512851 -0.858447 0.00721654 143.609 0.858087 0.512854 0.0258557 99.4354 -0.0258968 -0.00706772 0.99964 0.993656
0.507542 -0.861531 0.0128939 144.023 0.861327 0.507703 0.0187903 100.135 -0.0227348 0.00156902 0.99974 0.990161
0.502352 -0.86455 0.0139732 144.427 0.864561 0.502476 0.00727639 100.824 -0.013312 0.00842535 0.999876 0.984966
0.497353 -0.867507 0.00844696 144.898 0.867537 0.497372 0.000167177 101.545 -0.00434631 0.0072449 0.999964 0.988056
0.491936 -0.870631 -0.000292908 145.301 0.870611 0.491923 0.00697751 102.29 -0.00593075 -0.0036875 0.999976 0.980284
0.487018 -0.873381 -0.00429596 145.726 0.87326 0.486853 0.0197648 103.052 -0.0151707 -0.0133773 0.999795 0.939221
0.481882 -0.876233 0.00252327 146.128 0.8758 0.481731 0.0301666 103.811 -0.0276485 -0.0123269 0.999542 0.952842
0.477655 -0.878516 0.00742754 146.514 0.877933 0.47762 0.0333602 104.571 -0.032855 -0.00941379 0.999416 0.950872
0.476175 -0.87935 0.00111476 146.898 0.879043 0.476042 0.025853 105.306 -0.0232645 -0.0113307 0.999665 0.926039
0.474941 -0.879987 -0.0073646 147.265 0.879946 0.474779 0.0167588 106.025 -0.0112509 -0.0144399 0.999832 0.933891
0.473744 -0.880546 -0.0143613 147.649 0.880648 0.473577 0.013571 106.79 -0.00514873 -0.0190764 0.999805 0.952439
0.472384 -0.8813 -0.0127888 148.059 0.881378 0.472241 0.0127 107.53 -0.00515314 -0.0172711 0.999838 0.97809
0.471936 -0.88158 -0.00967669 148.469 0.881564 0.471734 0.0176602 108.3 -0.0110041 -0.0168651 0.999797 0.971713
0.471237 -0.881984 -0.0063399 148.904 0.881792 0.470952 0.0254462 109.052 -0.0194573 -0.0175817 0.999656 0.941922
0.469593 -0.882882 0.00115236 149.268 0.882592 0.469471 0.0250544 109.8 -0.022661 -0.0107483 0.999685 0.934473
0.468479 -0.883464 0.00431194 149.683 0.883329 0.468485 0.0158897 110.543 -0.0160581 -0.00363513 0.999864 0.917961
0.467188 -0.884123 0.00788696 150.065 0.884144 0.467212 0.0015267 111.273 -0.00503467 0.00625995 0.999968 0.9312
0.466011 -0.88467 0.0139213 150.48 0.884774 0.465895 -0.0108508 112.015 0.00311346 0.0173738 0.999844 0.970928
0.465243 -0.885146 0.00807907 150.855 0.885179 0.465194 -0.00732923 112.74 0.00272911 0.0105613 0.99994 1.00488
0.463182 -0.886238 0.00672022 151.263 0.88623 0.463217 0.00522809 113.556 -0.00774625 0.0035341 0.999964 0.98416
0.460948 -0.887245 0.017964 151.678 0.887333 0.4611 0.00525474 114.376 -0.0129454 0.0135179 0.999825 1.01633
0.460207 -0.88748 0.0242678 152.059 0.887729 0.460364 0.0010384 115.157 -0.0120936 0.0210654 0.999705 1.01126
0.461215 -0.887243 0.00890927 152.762 0.887276 0.461238 0.000501954 116.591 -0.00455465 0.00767348 0.99996 1.00197
0.461165 -0.887302 0.00478066 153.168 0.887301 0.461181 0.00295722 117.345 -0.00482869 0.00287812 0.999984 0.999182
0.46038 -0.88772 0.00168839 153.539 0.887689 0.460379 0.00775844 118.086 -0.00766462 -0.00207307 0.999968 1.00495
0.457812 -0.889043 0.00327721 154.655 0.888982 0.457819 0.0106417 120.327 -0.0109613 -0.00195852 0.999938 1.02178
0.457369 -0.889277 -0.000677673 155.012 0.889267 0.45736 0.00512899 121.059 -0.00425115 -0.00294847 0.999987 1.02909
0.456681 -0.889588 -0.00874847 155.368 0.889626 0.456626 0.0076445 121.799 -0.00280567 -0.011274 0.999933 1.01574
0.455631 -0.890119 -0.00942255 155.787 0.890113 0.455459 0.0159866 122.562 -0.00993842 -0.0156711 0.999828 0.967498
0.453948 -0.891026 -0.00186816 156.12 0.890802 0.453785 0.0234753 123.223 -0.0200693 -0.0123207 0.999723 0.977624
0.452217 -0.891879 0.00718793 156.466 0.891576 0.452254 0.0236578 123.907 -0.0243506 -0.00428985 0.999694 1.02483
0.451141 -0.89237 0.0121602 156.801 0.892228 0.451291 0.0162817 124.595 -0.0200171 0.00350428 0.999794 1.05364
0.45256 -0.891718 0.00538958 157.154 0.891665 0.452592 0.00967441 125.288 -0.0110661 0.000427446 0.999939 0.993576
0.453441 -0.891286 -0.000958832 157.431 0.891265 0.453423 0.007351 125.912 -0.00611709 -0.00418782 0.999973 1.00144
0.454123 -0.890912 -0.00689588 157.751 0.890935 0.454085 0.00647087 126.52 -0.00263366 -0.00908235 0.999955 0.978845
0.456078 -0.889885 -0.00982045 158.061 0.889939 0.456056 0.00452558 127.131 0.000451433 -0.0108036 0.999942 0.976069
0.459811 -0.887923 -0.0129114 158.355 0.888015 0.459794 0.00443841 127.743 0.0019956 -0.0135063 0.999907 0.981069
0.464623 -0.885404 -0.013618 158.657 0.885509 0.464554 0.00801424 128.341 -0.000769562 -0.0157824 0.999875 0.973536
0.470551 -0.882313 -0.0102296 158.966 0.88231 0.470348 0.0173672 128.888 -0.0105118 -0.0171978 0.999797 0.967915
0.475859 -0.879478 -0.00877003 159.285 0.879357 0.475553 0.0241034 129.463 -0.0170278 -0.0191818 0.999671 0.98892
0.481269 -0.876502 -0.0111374 159.577 0.87643 0.480922 0.0241548 130.029 -0.0158155 -0.0213861 0.999646 0.982807
0.486957 -0.873315 -0.0138938 159.885 0.87338 0.486707 0.017963 130.602 -0.00892516 -0.0208818 0.999742 0.991103
0.493557 -0.869528 -0.0179693 160.204 0.869714 0.49345 0.0102796 131.184 -7.14986e-05 -0.0207017 0.999786 0.989222
0.507054 -0.861633 -0.0220142 160.878 0.861895 0.507048 0.00626518 132.372 0.00576396 -0.0221507 0.999738 1.0348
0.512076 -0.858774 -0.0168653 161.209 0.858938 0.512021 0.00776665 132.955 0.00196561 -0.0184634 0.999828 1.06816
0.518059 -0.855308 -0.00801665 161.592 0.855337 0.51799 0.00925227 133.514 -0.00376099 -0.0116502 0.999925 1.07847
0.52348 -0.852036 -0.00183043 161.962 0.852006 0.52344 0.00979922 134.067 -0.00739117 -0.00668923 0.99995 1.0748
0.525624 -0.850716 -0.0011867 162.271 0.850682 0.525589 0.00980614 134.572 -0.00771853 -0.00616384 0.999951 1.08465
0.526393 -0.850239 -0.00184789 162.595 0.850203 0.526348 0.0105867 135.106 -0.00802857 -0.00714384 0.999942 1.07482
0.525591 -0.850737 0.0011495 163.29 0.850625 0.525543 0.0155253 136.265 -0.0138121 -0.00718218 0.999879 1.09779
0.525864 -0.850568 0.000153216 163.652 0.850418 0.525775 0.0187147 136.858 -0.0159987 -0.00971109 0.999825 1.08661
0.525935 -0.850496 -0.00696859 164.003 0.850415 0.525718 0.0203766 137.431 -0.0136667 -0.016643 0.999768 1.07127
0.52513 -0.850887 -0.0151415 164.339 0.851006 0.524929 0.0154206 137.977 -0.00517295 -0.0209834 0.999766 1.04796
0.523528 -0.8518 -0.0188348 164.669 0.851998 0.523503 0.0066129 138.514 0.00422722 -0.0195093 0.999801 1.05352
0.520103 -0.85396 -0.0156646 165 0.854045 0.520194 -0.00214196 139.05 0.0099778 -0.0122643 0.999875 1.11235
0.516597 -0.856103 -0.0146728 165.323 0.856217 0.516602 0.00377168 139.651 0.00435107 -0.0145116 0.999885 1.12876
0.513016 -0.858276 -0.0133364 165.64 0.858367 0.512861 0.0134249 140.26 -0.0046825 -0.0183347 0.999821 1.12696
0.509702 -0.860344 -0.00361695 166.025 0.860127 0.509468 0.0249672 140.88 -0.0196377 -0.0158369 0.999682 1.14364
0.506345 -0.862313 0.00559962 166.403 0.861769 0.506239 0.0328018 141.495 -0.0311202 -0.0117835 0.999446 1.13253
0.499248 -0.866455 -0.00272432 167.422 0.866336 0.499122 0.018434 143.315 -0.0146125 -0.0115633 0.999826 1.07248
0.49706 -0.867716 0.000221817 167.771 0.867666 0.497034 0.0106241 143.909 -0.00932897 -0.00508836 0.999944 1.08232
0.496031 -0.868271 0.00761469 168.137 0.868249 0.49608 0.00693001 144.504 -0.00979462 0.00317395 0.999947 1.08018
0.495144 -0.868655 0.0164591 168.51 0.868693 0.4953 0.00709494 145.097 -0.0143153 0.0107849 0.999839 1.0827
0.493845 -0.869275 0.0218609 168.874 0.869353 0.494112 0.00887948 145.707 -0.0185205 0.0146198 0.999722 1.0777
0.492916 -0.869751 0.023809 169.224 0.869873 0.493208 0.00813522 146.316 -0.0188184 0.0167008 0.999683 1.0619
0.491331 -0.870451 0.0301289 169.904 0.870881 0.491487 -0.002523 147.518 -0.0126118 0.0274783 0.999543 1.02928
0.490909 -0.870636 0.0316262 170.235 0.871123 0.491051 -0.003659 148.117 -0.0123444 0.0293466 0.999493 1.04601
0.490223 -0.870891 0.0350885 170.565 0.871446 0.49049 -0.00113571 148.711 -0.0162215 0.0311345 0.999384 1.06782
0.489458 -0.871193 0.0381221 170.9 0.871793 0.489871 0.00173886 149.303 -0.0201898 0.0323835 0.999272 1.05115
0.48874 -0.871624 0.0374865 171.243 0.872187 0.489166 0.00256683 149.899 -0.0205744 0.0314407 0.999294 1.02227
0.488719 -0.87179 0.0337007 171.582 0.872312 0.488947 -0.00168475 150.498 -0.0150091 0.0302209 0.999431 0.976868
0.489187 -0.871655 0.0302216 171.9 0.872158 0.489123 -0.0100094 151.12 -0.00605733 0.0312545 0.999493 0.975344
0.488992 -0.871928 0.0250681 172.219 0.872288 0.488782 -0.0143162 151.709 0.000229827 0.0288671 0.999583 1.00334
0.488787 -0.87213 0.021842 172.534 0.872403 0.488646 -0.0117258 152.289 -0.000446595 0.0247865 0.999693 1.00003
0.488653 -0.872236 0.0205558 172.842 0.872466 0.488634 -0.0063058 152.862 -0.00454413 0.0210156 0.999769 0.996668
0.487768 -0.872715 0.021225 173.153 0.872895 0.487906 0.00151574 153.417 -0.0116786 0.0177879 0.999774 0.964183
0.487941 -0.872599 0.0220223 173.463 0.872704 0.488191 0.00758853 153.97 -0.0173728 0.0155162 0.999729 0.957513
0.487476 -0.872829 0.0231633 173.773 0.872887 0.487799 0.0109797 154.512 -0.0208825 0.0148666 0.999671 0.95293
0.485784 -0.873743 0.0242144 174.077 0.873778 0.486157 0.012776 155.041 -0.022935 0.0149517 0.999625 0.930715
0.482674 -0.87538 0.0271308 174.366 0.875498 0.483089 0.0113032 155.562 -0.0230012 0.0182972 0.999568 0.914846
0.475859 -0.87889 0.033317 174.628 0.879288 0.476265 0.00501629 156.045 -0.0202765 0.0269082 0.999432 0.937137
