0.472911 -0.880769 0.0246345 0.758113 0.8811 0.472895 -0.00739058 0.54145 -0.00514073 0.0252009 0.999683 1.08457
0.472536 -0.881046 0.0216763 1.07041 0.881276 0.472702 0.00121135 1.13905 -0.0113181 0.0185368 0.999813 1.07937
0.471962 -0.881434 0.0180605 1.4799 0.881473 0.472231 0.0115513 1.96278 -0.0187153 0.0104756 0.999835 1.07145
0.470836 -0.88209 0.0151838 1.88694 0.881968 0.47105 0.0161947 2.85177 -0.021438 0.00576748 0.999763 1.06303
0.467641 -0.883768 0.0163186 2.75801 0.883885 0.467824 0.00641401 4.71108 -0.0133072 0.0114325 0.999922 1.0575
0.466516 -0.884308 0.0191968 3.1199 0.884443 0.466659 0.00274666 5.47807 -0.011388 0.0156976 0.999824 1.05415
0.464522 -0.88539 0.0175042 3.61071 0.88561 0.464476 -0.00743339 6.49513 -0.00155039 0.018959 0.999869 1.05348
0.463319 -0.885996 0.0186385 3.99188 0.886193 0.463172 -0.0119464 7.247 0.00195107 0.0220531 0.99976 1.05409
0.462377 -0.886443 0.020642 4.39586 0.886683 0.462228 -0.0117941 8.01335 0.000913244 0.0237562 0.999718 1.05744
0.462002 -0.886629 0.021043 4.83559 0.886877 0.461917 -0.00901807 8.84859 -0.00172447 0.022829 0.999738 1.06404
0.462648 -0.88623 0.0235864 5.19729 0.886503 0.462754 -0.000934807 9.52876 -0.0100866 0.0213445 0.999738 1.06569
0.463987 -0.88554 0.0232511 5.72749 0.88578 0.464112 0.000221491 10.552 -0.0109874 0.0204922 0.999736 1.06546
0.465532 -0.884712 0.0237614 6.12757 0.884944 0.465695 0.00154401 11.3322 -0.0124318 0.0203087 0.999717 1.05901
0.46721 -0.883786 0.0253396 6.48686 0.884013 0.467453 0.00459786 12.035 -0.0159085 0.0202561 0.999677 1.04718
0.468798 -0.883057 0.0209997 7.02641 0.883282 0.468849 -0.00266195 13.0749 -0.00749488 0.0197957 0.999783 1.04031
0.46988 -0.882517 0.0194125 7.42609 0.88272 0.46987 -0.00534776 13.8277 -0.0044019 0.0196487 0.999797 1.0467
0.470719 -0.882086 0.0187636 7.91307 0.88228 0.470674 -0.00698106 14.7241 -0.00267341 0.0198409 0.999801 1.06308
0.470621 -0.882126 0.0194719 8.37734 0.882321 0.470628 -0.004462 15.5955 -0.00522726 0.0192807 0.999805 1.07762
0.469721 -0.882517 0.0229648 8.83237 0.882763 0.469818 -0.00133278 16.4624 -0.00961254 0.0208985 0.999737 1.08229
0.468903 -0.882656 0.0329539 9.1942 0.883111 0.46918 0.0017202 17.1322 -0.0169806 0.0282937 0.999483 1.07745
0.46742 -0.883214 0.0381191 9.76946 0.883969 0.467501 -0.00748413 18.205 -0.0112109 0.0371945 0.999253 1.06354
0.466245 -0.883848 0.0378086 10.2167 0.884627 0.466148 -0.0119118 19.0458 -0.0070961 0.0390003 0.999215 1.05281
0.465048 -0.884558 0.0358814 10.6143 0.885253 0.465029 -0.00955836 19.8033 -0.00823054 0.0362087 0.999319 1.05296
0.46338 -0.885688 0.0295464 11.1982 0.886178 0.463185 -0.0127494 20.9199 -0.00239296 0.0320921 0.999508 1.06325
0.462748 -0.88598 0.0300964 11.5427 0.886456 0.462812 -0.00525266 21.5757 -0.00927541 0.0291104 0.999548 1.07061
0.461516 -0.886702 0.0276789 12.084 0.887083 0.461596 -0.00372369 22.622 -0.00947462 0.0262721 0.999612 1.07625
0.460555 -0.887207 0.0274512 12.5256 0.887555 0.460702 -0.00111549 23.4951 -0.0116571 0.0248782 0.999623 1.0762
0.460133 -0.887374 0.029092 12.946 0.887696 0.460422 0.00379733 24.3235 -0.0167643 0.0240779 0.999574 1.07702
0.459662 -0.887719 0.0258293 13.4912 0.88796 0.459919 0.00473742 25.4081 -0.0160849 0.0207579 0.999666 1.07247
0.45963 -0.88769 0.0274739 13.8548 0.887889 0.459986 0.00840477 26.1258 -0.0200982 0.0205312 0.999593 1.06217
0.459718 -0.887632 0.0277364 14.3903 0.887921 0.459994 0.00397403 27.1676 -0.0162851 0.0227995 0.999614 1.04834
0.460053 -0.887522 0.0256298 14.8422 0.88782 0.460201 -0.000293021 28.0594 -0.0115343 0.0228889 0.999676 1.03419
0.45967 -0.887696 0.0265077 15.2091 0.887976 0.459894 0.00287556 28.7745 -0.0147434 0.022216 0.999652 1.03205
0.457738 -0.888644 0.0280815 16.2192 0.88901 0.457905 -0.00050631 30.7664 -0.0124086 0.0251954 0.999614 1.02461
0.457168 -0.888849 0.0310554 16.5561 0.889233 0.457459 0.00318664 31.4291 -0.0170395 0.0261575 0.999529 1.02216
0.456824 -0.889203 0.0251467 17.0942 0.889521 0.456893 -0.00317766 32.4996 -0.0086637 0.0238193 0.999684 1.01502
0.456537 -0.889398 0.0233688 17.4523 0.889655 0.456645 -0.00102231 33.2001 -0.00976211 0.021257 0.999733 1.02331
0.45627 -0.889615 0.0204114 17.9713 0.889818 0.456317 -0.00208176 34.2151 -0.0074626 0.0191114 0.999799 1.0397
0.456044 -0.889642 0.0237107 18.3563 0.889878 0.456201 0.00142254 34.957 -0.0120824 0.0204507 0.99972 1.05666
0.456001 -0.8896 0.0259875 18.8701 0.889901 0.456159 0.000178626 35.977 -0.0120131 0.0230441 0.999665 1.06303
0.455994 -0.889515 0.0288523 19.2795 0.889897 0.45616 -0.000896499 36.791 -0.0123638 0.0260845 0.999584 1.05925
0.455693 -0.889597 0.031003 19.7304 0.890074 0.455799 -0.00395815 37.6527 -0.01061 0.0293987 0.999512 1.05704
0.454785 -0.889981 0.0332537 20.0996 0.890489 0.455025 -0.000395458 38.3652 -0.0147789 0.0297902 0.999457 1.06048
0.45386 -0.890428 0.034083 20.6358 0.890965 0.454075 -0.00129146 39.4146 -0.0143268 0.0309521 0.999427 1.07477
0.453097 -0.890721 0.0363731 21.0478 0.891276 0.453458 0.00191984 40.2188 -0.0182037 0.0315485 0.999339 1.08778
0.452542 -0.890917 0.0383967 21.441 0.891429 0.453108 0.00715977 41.0003 -0.0237766 0.0309879 0.99924 1.08951
0.451768 -0.891267 0.0394006 21.8475 0.891783 0.45239 0.00815062 41.815 -0.0250888 0.0314546 0.999192 1.07471
0.450691 -0.892067 0.0330923 22.3567 0.89261 0.450853 -0.00283427 42.8518 -0.0123909 0.030814 0.999463 1.05049
0.449988 -0.892546 0.0295446 22.706 0.893006 0.449994 -0.00681204 43.5587 -0.00721482 0.0294488 0.99954 1.04359
0.44898 -0.893203 0.0246009 23.1032 0.893518 0.449001 -0.00501473 44.368 -0.0065665 0.0242327 0.999686 1.04942
0.447984 -0.893756 0.0226066 23.4772 0.893975 0.44813 0.00139079 45.1355 -0.0113731 0.0195858 0.999751 1.06034
0.445982 -0.894822 0.0198374 24.3537 0.895002 0.446091 0.000838608 46.9308 -0.0095986 0.0173784 0.999816 1.0641
0.444637 -0.895455 0.0215575 24.6371 0.895619 0.444812 0.00418658 47.4927 -0.0133384 0.0174436 0.999765 1.05971
0.443266 -0.896157 0.0204444 25.0723 0.89631 0.44342 0.00344742 48.3739 -0.0121546 0.0167958 0.999788 1.06041
0.442014 -0.896767 0.0207908 25.4249 0.896926 0.442169 0.00331465 49.0985 -0.0121655 0.0171827 0.999779 1.06215
0.440842 -0.897341 0.0209288 25.7942 0.897512 0.440985 0.0025192 49.8554 -0.0114898 0.0176729 0.999779 1.06498
0.439707 -0.897912 0.0202741 26.1245 0.898041 0.439884 0.00503564 50.5525 -0.0134398 0.0159928 0.999782 1.07103
0.438512 -0.898519 0.0192626 26.4729 0.898573 0.438731 0.00899885 51.291 -0.0165367 0.0133628 0.999774 1.07517
0.436949 -0.899286 0.0189952 26.7786 0.899248 0.437223 0.0138723 51.9304 -0.0207798 0.0110191 0.999725 1.07523
0.435414 -0.90006 0.0175797 27.0986 0.899977 0.435671 0.015269 52.6052 -0.0214023 0.00917261 0.99973 1.06751
0.434562 -0.900524 0.0147207 27.4445 0.900556 0.434702 0.00702639 53.3478 -0.0127249 0.0102022 0.999878 1.05174
0.433731 -0.900947 0.0132026 27.7703 0.901042 0.433735 -0.00323454 54.0447 -0.00281066 0.0132976 0.999915 1.04362
0.432949 -0.90133 0.0126801 27.9994 0.901418 0.432943 -0.00321717 54.5394 -0.00259004 0.0128224 0.999917 1.05404
0.432479 -0.901586 0.0102972 28.3246 0.901638 0.43249 -0.00126744 55.2366 -0.00331086 0.00983247 0.999947 1.06871
0.431658 -0.901997 0.00865977 28.6331 0.90202 0.43169 0.00227395 55.9014 -0.00578983 0.00682925 0.999962 1.08568
0.43056 -0.9025 0.0106372 28.8968 0.902546 0.430592 0.000928366 56.4489 -0.0054182 0.00920072 0.999944 1.08748
0.430445 -0.902486 0.0154446 29.1566 0.902615 0.430417 -0.00526907 56.9815 -0.00189208 0.0162087 0.999868 1.09133
0.43085 -0.902212 0.019622 29.3869 0.902425 0.430733 -0.00994203 57.4551 0.000517979 0.021991 0.99976 1.09522
0.433636 -0.900895 0.0186523 29.6852 0.901074 0.433414 -0.0148171 58.087 0.00526431 0.0232316 0.999717 1.10224
0.44129 -0.897247 0.0146146 30.1737 0.897365 0.441229 -0.00746779 59.1098 0.00025091 0.0164103 0.999867 1.11643
0.445276 -0.895209 0.0181596 30.3936 0.89538 0.445313 -0.00229177 59.5209 -0.00603619 0.0172831 0.999839 1.12209
0.452832 -0.891309 0.0227484 30.6847 0.891538 0.452947 -4.44045e-05 60.0792 -0.0102655 0.0203006 0.999744 1.13104
0.462268 -0.886453 0.0225895 30.9224 0.886667 0.462407 0.00107707 60.5637 -0.0114006 0.0195311 0.999744 1.12516
0.475207 -0.879664 0.0192531 31.1644 0.879807 0.475329 0.00201868 61.0273 -0.0109264 0.0159795 0.999813 1.11551
0.487666 -0.872853 0.017881 31.3591 0.872932 0.487821 0.00559679 61.3838 -0.0136062 0.0128863 0.999827 1.10788
0.510755 -0.859555 0.0174214 31.6642 0.859632 0.510903 0.00494538 61.8659 -0.0131458 0.0124462 0.999839 1.09766
0.531623 -0.846738 0.0214087 31.8793 0.846874 0.531816 0.0041491 62.1696 -0.0148838 0.0159294 0.999765 1.09204
0.562064 -0.82675 0.023997 32.1786 0.826953 0.562274 0.00248794 62.59 -0.0155479 0.0184417 0.99971 1.08707
0.585824 -0.810048 0.0258537 32.3803 0.810247 0.586105 0.0043394 62.8599 -0.0186682 0.0184143 0.999657 1.08802
0.62112 -0.783303 0.0254573 32.6903 0.783473 0.621408 0.00472447 63.2567 -0.0195204 0.0170099 0.999666 1.08763
0.651967 -0.75783 0.0252274 32.9422 0.757967 0.652273 0.0056373 63.55 -0.0207282 0.0154469 0.999666 1.0852
0.681947 -0.730954 0.0265988 33.193 0.731058 0.682314 0.00754813 63.8091 -0.023667 0.0143142 0.99962 1.08328
0.727302 -0.685882 0.0244532 33.5805 0.685965 0.727611 0.00620025 64.1573 -0.0220443 0.0122636 0.999683 1.07839
0.757002 -0.653007 0.0253381 33.8293 0.653084 0.757331 0.00623059 64.329 -0.0232451 0.0118531 0.999662 1.07307
0.799565 -0.600122 0.0236249 34.2211 0.6002 0.799843 0.00442661 64.58 -0.0215503 0.0106405 0.999711 1.06401
0.831794 -0.554614 0.0239199 34.5328 0.554682 0.83208 0.00431474 64.7427 -0.022293 0.00969009 0.999706 1.05206
0.901022 -0.43328 0.0206916 35.3108 0.43335 0.901226 0.00120766 65.0903 -0.0191707 0.00787865 0.999785 1.02527
0.923551 -0.382919 0.0217769 35.6053 0.382995 0.923775 0.000771387 65.1789 -0.0204126 0.00764075 0.999764 1.01515
0.949139 -0.31407 0.0222836 36.0295 0.314135 0.94938 0.000634793 65.2919 -0.021354 0.00639697 0.999752 1.00676
0.965219 -0.260271 0.0250396 36.3621 0.260282 0.965536 0.002953 65.3709 -0.0249481 0.00367433 0.999685 0.995252
0.98133 -0.190637 0.025775 36.7976 0.190575 0.981668 0.00485601 65.4512 -0.0262255 0.000148168 0.999656 0.984423
0.989924 -0.139004 0.0272002 37.1259 0.138941 0.990296 0.00423813 65.4931 -0.0275265 -0.000411507 0.999622 0.973156
0.996877 -0.0744129 0.0265167 37.5557 0.0744247 0.99723 0.000553526 65.5222 -0.0264816 0.0014211 0.999649 0.960358
0.999601 -0.0148175 0.024788 37.9659 0.0148189 0.999909 0.000120035 65.532 -0.0247841 0.000249395 0.999693 0.954558
0.999096 0.0349586 0.0243915 38.3142 -0.0350606 0.999383 0.00376697 65.5298 -0.0242442 -0.00462076 0.999696 0.953833
0.996177 0.083932 0.0242752 38.6708 -0.0841125 0.996436 0.00651668 65.507 -0.0236415 -0.00853538 0.999685 0.950306
0.991063 0.13161 0.0219813 39.0381 -0.131704 0.99129 0.00288115 65.451 -0.0214128 -0.00574929 0.999754 0.926401
0.984895 0.171751 0.0220881 39.4004 -0.171624 0.985137 -0.00747915 65.3665 -0.0230419 0.00357366 0.999729 0.887466
0.978739 0.203627 0.024854 39.7295 -0.203364 0.979028 -0.0124913 65.2963 -0.0268821 0.00717625 0.999619 0.851425
0.969771 0.242803 0.0244357 40.1641 -0.2426 0.970071 -0.0109925 65.2044 -0.0263667 0.00473225 0.999645 0.830222
0.961468 0.273965 0.023031 40.5404 -0.27398 0.961736 -0.00258842 65.1239 -0.0228604 -0.00382412 0.999732 0.839481
0.954632 0.296855 0.023623 40.8551 -0.296995 0.954878 0.00243498 65.0398 -0.0218332 -0.00933888 0.999721 0.857532
0.944892 0.326813 0.0196459 41.3137 -0.326966 0.945028 0.00520303 64.8925 -0.0168708 -0.0113358 0.999796 0.870867
0.938502 0.344811 0.0179246 41.626 -0.344907 0.938635 0.00245252 64.7834 -0.0159783 -0.00848327 0.999837 0.872425
0.929628 0.368372 0.00975339 42.0907 -0.368373 0.929678 -0.00179473 64.6104 -0.00972723 -0.00192453 0.999951 0.857472
0.92352 0.38353 0.0044547 42.4424 -0.38352 0.923528 -0.00278306 64.4711 -0.00518154 0.000862028 0.999988 0.848616
0.915608 0.402074 -0.000372436 42.9015 -0.402074 0.915608 -0.000979153 64.2689 -5.32512e-05 0.00104627 1 0.858618
0.909644 0.415375 0.0037152 43.2865 -0.415378 0.909649 -0.000391798 64.0795 -0.00354227 -0.0011868 0.999995 0.879539
0.901957 0.431762 0.00780758 43.8194 -0.431784 0.901981 0.000909176 63.8162 -0.00664756 -0.00418697 0.999971 0.902954
0.897703 0.440431 0.0128295 44.1341 -0.440462 0.897772 -0.000148267 63.65 -0.0115843 -0.00551584 0.999925 0.901594
0.891016 0.453802 0.0124759 44.6764 -0.453817 0.891096 -0.00184348 63.3618 -0.0119521 -0.00401803 0.999923 0.896109
0.886432 0.462724 0.0111659 45.1103 -0.46271 0.886501 -0.00395226 63.1223 -0.0117272 -0.00166322 0.99993 0.887517
0.882505 0.470208 0.00945378 45.5656 -0.470166 0.882555 -0.00645629 62.8694 -0.0113794 0.00125279 0.999935 0.877993
0.879413 0.476 0.00756094 46.0634 -0.475947 0.879439 -0.00780933 62.5929 -0.0103667 0.00326919 0.999941 0.866355
0.877512 0.47947 0.00955628 46.4708 -0.479401 0.877555 -0.0084494 62.3664 -0.0124371 0.00283252 0.999923 0.852235
0.874319 0.48528 0.00830226 47.0748 -0.485252 0.874363 -0.00540533 62.0306 -0.00988119 0.000697791 0.999956 0.837058
0.872258 0.488941 0.0106157 47.5432 -0.488921 0.872322 -0.00390465 61.7725 -0.0111697 -0.00178432 0.999944 0.820094
0.870059 0.492861 0.00925845 48.2049 -0.492874 0.87011 -0.0015816 61.4091 -0.00883536 -0.00318714 0.999965 0.799814
0.868929 0.494819 0.010936 48.6825 -0.494826 0.86899 -0.00213507 61.1473 -0.0105596 -0.00355643 0.99994 0.776178
0.867363 0.497601 0.00885604 49.3734 -0.497611 0.867401 -0.0016201 60.7668 -0.0084877 -0.00300092 0.999963 0.756314
0.866809 0.498558 0.00917024 49.8387 -0.498532 0.866856 -0.00521808 60.4945 -0.0105509 -4.88507e-05 0.999946 0.740281
0.866907 0.49845 0.00492116 50.5532 -0.498413 0.866909 -0.00760351 60.0807 -0.00805613 0.00413894 0.999963 0.724647
0.868129 0.496332 0.00283711 51.1213 -0.496271 0.868092 -0.0115763 59.751 -0.00821004 0.00864179 0.999931 0.711022
0.870203 0.492693 0.0012086 51.7592 -0.49263 0.870126 -0.0140694 59.3908 -0.00798397 0.0116479 0.9999 0.69866
0.872269 0.489022 0.00451683 52.2694 -0.488901 0.872194 -0.0160194 59.1048 -0.0117716 0.0117593 0.999869 0.686273
0.874811 0.484446 0.00432152 53.0286 -0.484329 0.874741 -0.0160445 58.6867 -0.011552 0.0119436 0.999864 0.674797
0.876858 0.480731 0.00424134 53.7328 -0.480614 0.876784 -0.016159 58.3015 -0.0114869 0.0121306 0.999862 0.66698
0.878768 0.477211 0.00600839 54.453 -0.477094 0.878733 -0.0145371 57.9224 -0.0122173 0.0099078 0.999877 0.650514
0.880385 0.474153 0.0103307 55.0362 -0.473992 0.880405 -0.0147971 57.6216 -0.0161111 0.00812945 0.999841 0.631448
0.882784 0.469735 0.00768621 55.9084 -0.469624 0.882777 -0.012569 57.1757 -0.0126888 0.00748486 0.9999 0.614884
0.884463 0.466586 0.00506818 56.5659 -0.4665 0.884441 -0.0122051 56.8304 -0.0101771 0.00843065 0.999917 0.60408
0.885284 0.465021 0.00582805 57.1514 -0.464947 0.885269 -0.0116725 56.5157 -0.0105871 0.00762407 0.999924 0.589761
0.88542 0.464786 0.00252564 58.0375 -0.464775 0.88542 -0.00417792 56.0666 -0.0041787 0.00252438 0.999989 0.582386
0.88517 0.465247 0.00482916 58.7371 -0.465252 0.885181 0.000694259 55.7221 -0.00395398 -0.00286064 0.999992 0.588199
0.884904 0.465705 0.00798691 59.5004 -0.465745 0.884912 0.00395668 55.3473 -0.0052261 -0.00722163 0.999962 0.599885
0.884866 0.465777 0.00805938 60.1853 -0.465804 0.884887 0.00197071 54.9915 -0.00621339 -0.00549793 0.999967 0.601421
0.884949 0.465533 0.012338 60.7809 -0.465574 0.885012 6.04372e-05 54.6772 -0.0108913 -0.0057982 0.999931 0.598536
0.885227 0.46502 0.011761 62.369 -0.465068 0.885274 0.00215825 53.8687 -0.00940779 -0.00738042 0.999934 0.591779
0.88497 0.465479 0.0125169 63.0368 -0.465543 0.885025 0.00244559 53.5158 -0.00993885 -0.00799108 0.999921 0.588299
0.883881 0.467641 0.00937136 63.9596 -0.467711 0.883851 0.00741443 53.0389 -0.00481576 -0.0109358 0.999941 0.590803
0.882598 0.469919 0.014544 64.4781 -0.470053 0.882607 0.00750633 52.7688 -0.00930971 -0.0134589 0.999874 0.596617
0.879905 0.474836 0.0172602 65.3381 -0.475055 0.879884 0.0116328 52.3304 -0.00966466 -0.0184364 0.999787 0.607287
0.877248 0.479533 0.0221551 65.9632 -0.479855 0.87726 0.0125063 52.0003 -0.0134402 -0.0216 0.999679 0.615657
0.873421 0.486506 0.0213123 66.8094 -0.486824 0.873394 0.0136229 51.5493 -0.0119867 -0.0222733 0.999684 0.628673
0.869721 0.493109 0.0206985 67.43 -0.493393 0.869732 0.0117494 51.2068 -0.0122064 -0.0204305 0.999721 0.630377
0.865001 0.501365 0.0202195 68.0936 -0.501611 0.86505 0.00929935 50.8325 -0.0128251 -0.0181838 0.999757 0.628426
0.858888 0.511847 0.0181062 68.9 -0.512058 0.858897 0.00965316 50.3709 -0.0106103 -0.0175627 0.999791 0.628877
0.8539 0.520008 0.0213281 69.4677 -0.520268 0.853957 0.00900168 50.0269 -0.0135338 -0.0187796 0.999735 0.629424
0.846886 0.531351 0.0212318 70.2629 -0.531636 0.846909 0.0106674 49.5354 -0.0123131 -0.0203214 0.999721 0.634976
0.841714 0.539392 0.0241508 70.8006 -0.539707 0.841813 0.00853511 49.1798 -0.0157268 -0.020214 0.999678 0.636347
0.834797 0.550091 0.022691 71.5438 -0.550375 0.834873 0.00862545 48.6896 -0.0141994 -0.019689 0.999706 0.630945
0.829063 0.558699 0.022603 72.1546 -0.558981 0.829138 0.00848116 48.2756 -0.0140025 -0.019666 0.999709 0.624662
0.823285 0.567137 0.0236885 72.7756 -0.567459 0.823342 0.00989526 47.8528 -0.0138921 -0.0215887 0.999673 0.617926
0.817287 0.575767 0.0231266 73.4317 -0.576098 0.817303 0.0113173 47.4032 -0.0123854 -0.0225727 0.999669 0.612127
0.811723 0.583678 0.0206877 74.0551 -0.583951 0.811715 0.0109273 46.9563 -0.0104151 -0.02095 0.999727 0.613021
0.806995 0.590161 0.0217184 74.5619 -0.59043 0.807049 0.00836352 46.5849 -0.0125913 -0.0195709 0.999733 0.619104
0.801071 0.59825 0.0196082 75.2434 -0.598467 0.801112 0.00756303 46.0829 -0.0111842 -0.0177929 0.99978 0.623692
0.796667 0.604053 0.0210468 75.7773 -0.604269 0.796763 0.00535598 45.6777 -0.0135341 -0.0169842 0.999765 0.621424
0.792183 0.609943 0.0204016 76.4463 -0.610135 0.792288 0.00427198 45.171 -0.013558 -0.0158314 0.999785 0.613614
0.789814 0.613057 0.0189092 77.0075 -0.613178 0.789945 0.000815951 44.7226 -0.0144375 -0.0122379 0.999822 0.606243
0.788365 0.614898 0.0195287 77.4887 -0.614962 0.788552 -0.00335385 44.3372 -0.0174623 -0.00936636 0.999806 0.598836
0.787072 0.616582 0.0186098 78.0836 -0.616604 0.787257 -0.00517682 43.8697 -0.017843 -0.0073999 0.999814 0.586035
0.786296 0.617584 0.0181203 78.6183 -0.617589 0.786478 -0.00595006 43.4554 -0.0179259 -0.00651237 0.999818 0.574059
0.786287 0.61755 0.0197713 79.0201 -0.617523 0.786512 -0.00835565 43.1439 -0.0207104 -0.00563952 0.999775 0.564108
0.788006 0.61544 0.0167801 79.6051 -0.615408 0.788172 -0.00761804 42.681 -0.0179141 -0.00432254 0.999831 0.555374
0.791018 0.611632 0.0141099 80.112 -0.611587 0.791139 -0.00773339 42.2778 -0.0158934 -0.00251164 0.999872 0.551427
0.795865 0.605365 0.0116744 80.5905 -0.605314 0.79595 -0.00777556 41.9041 -0.0140006 -0.000877512 0.999904 0.554706
0.800889 0.598706 0.0114162 80.9556 -0.598613 0.800973 -0.0109161 41.6314 -0.0156842 0.00190569 0.999881 0.569356
0.809811 0.586678 0.00648471 81.4905 -0.586555 0.809807 -0.0130799 41.2501 -0.0129261 0.00678917 0.99991 0.587082
0.817558 0.575846 0.00326123 81.8683 -0.575714 0.817491 -0.0168709 40.9977 -0.0123883 0.0119152 0.999868 0.606727
0.830015 0.557751 -0.00204274 82.3608 -0.557692 0.829878 -0.0168636 40.6865 -0.00771187 0.0151372 0.999865 0.623548
0.841558 0.540156 -0.00401529 82.7542 -0.540142 0.841417 -0.0164151 40.4532 -0.00549092 0.0159824 0.999858 0.638749
0.857321 0.514746 -0.00615864 83.2557 -0.514779 0.857212 -0.0137742 40.1646 -0.00181081 0.0149789 0.999886 0.655502
0.873144 0.487437 -0.00513022 83.7234 -0.487461 0.873066 -0.0118297 39.9141 -0.00128876 0.0128302 0.999918 0.673178
0.887175 0.461451 -0.000789765 84.1281 -0.461424 0.887105 -0.0118236 39.7162 -0.00475076 0.0108466 0.999934 0.686447
0.90801 0.418951 0.00138743 84.6755 -0.418911 0.907956 -0.0116117 39.496 -0.00612325 0.00996494 0.999934 0.698619
0.924429 0.381356 0.0051844 85.0945 -0.381276 0.924397 -0.0121145 39.3645 -0.00941188 0.00922254 0.999913 0.700626
0.944997 0.327 0.00830298 85.6723 -0.326918 0.945003 -0.0100538 39.221 -0.0111341 0.00677782 0.999922 0.705966
0.959704 0.280802 0.0109841 86.1195 -0.280724 0.959755 -0.00810082 39.1525 -0.0128168 0.00469022 0.999908 0.705136
0.973279 0.229315 0.0119465 86.5872 -0.229231 0.97334 -0.00796403 39.1067 -0.0134547 0.00501305 0.999898 0.701054
0.983829 0.178824 0.0119771 87.0148 -0.178703 0.983868 -0.0105394 39.0884 -0.0136753 0.00822477 0.999873 0.699496
0.994768 0.102102 0.00503838 87.6095 -0.102011 0.994676 -0.0148014 39.0748 -0.00651973 0.0142051 0.999886 0.706844
0.999014 0.0451745 0.00115638 88.0053 -0.045145 0.998853 -0.0181081 39.0899 -0.00198598 0.0180428 0.999837 0.719889
0.999199 -0.0396106 -0.00643574 88.5868 0.0394827 0.99904 -0.0190363 39.1495 0.00718402 0.0187624 0.999802 0.740437
0.994237 -0.106756 -0.00993781 89.0181 0.106572 0.994153 -0.0174284 39.2346 0.011741 0.0162704 0.999799 0.760025
0.984453 -0.175266 -0.0120057 89.451 0.175053 0.984419 -0.0169563 39.3541 0.0147938 0.0145918 0.999785 0.774351
0.96898 -0.24684 -0.0121877 89.9121 0.246605 0.968949 -0.01801 39.5163 0.0162558 0.0144463 0.999764 0.786478
0.950173 -0.311619 -0.00843477 90.3346 0.311434 0.950099 -0.0180432 39.6972 0.013638 0.0145176 0.999802 0.799176
0.926873 -0.375381 -0.00236787 90.7579 0.375297 0.926767 -0.0163083 39.9089 0.00831715 0.0142272 0.999864 0.808811
0.897951 -0.44008 0.00381723 91.2081 0.44009 0.897853 -0.0134989 40.1639 0.00251373 0.0138015 0.999902 0.813383
0.87231 -0.488934 0.010072 91.5622 0.489023 0.872264 -0.00964412 40.3873 -0.00406676 0.0133165 0.999906 0.809271
0.836196 -0.548258 0.0144111 92.015 0.548372 0.836227 -0.00541827 40.7072 -0.00907805 0.012439 0.999883 0.804913
0.802008 -0.597172 0.0135174 92.4215 0.597258 0.80205 -0.00273346 41.018 -0.00920934 0.0102581 0.999913 0.801859
0.778539 -0.627477 0.012654 92.6963 0.627511 0.778613 0.0015942 41.2275 -0.0108523 0.00670023 0.999919 0.802208
0.747715 -0.66399 0.00730828 93.103 0.663983 0.747747 0.00410267 41.5617 -0.00818671 0.00177605 0.999968 0.803077
0.730649 -0.682779 0.00521588 93.4156 0.682759 0.730668 0.00526174 41.8392 -0.00739986 -0.000280991 0.999973 0.79066
0.719555 -0.694407 0.00846237 93.6986 0.694396 0.719598 0.00477217 42.0955 -0.00940047 0.00245546 0.999956 0.791033
0.705664 -0.70848 0.0111022 94.1034 0.70851 0.705719 0.00161185 42.4875 -0.00898013 0.006725 0.999937 0.802761
0.698442 -0.715598 0.010699 94.44 0.715623 0.698495 0.00193961 42.7963 -0.00885842 0.0063018 0.999941 0.828348
0.6937 -0.720217 0.00860535 94.7399 0.720197 0.693752 0.00599429 43.1065 -0.0102903 0.00204343 0.999947 0.848148
0.68831 -0.72542 0.00191009 95.1442 0.725373 0.688291 0.00984592 43.5553 -0.00845738 -0.00539458 0.99995 0.865959
0.686245 -0.727361 -0.00409771 95.4952 0.727353 0.686176 0.0111321 43.9562 -0.00528318 -0.0106198 0.99993 0.888673
0.686047 -0.727544 -0.00495995 95.7757 0.727544 0.685969 0.0113201 44.2721 -0.00483172 -0.011373 0.999926 0.913601
0.687046 -0.726583 -0.00670095 96.2069 0.726617 0.687021 0.00623936 44.7429 7.16615e-05 -0.00915706 0.999963 0.948588
0.689999 -0.723778 -0.00701115 96.6003 0.72379 0.690021 -0.000848724 45.1557 0.00545311 -0.00448873 0.999977 0.974946
0.693145 -0.720788 -0.00526498 96.9288 0.72078 0.693157 -0.00357368 45.4909 0.00622758 -0.00131292 0.999987 0.999219
0.69699 -0.717023 -0.00910542 97.4009 0.71702 0.69704 -0.00414904 45.9833 0.00932188 -0.00363711 0.99995 1.03327
0.700435 -0.713646 -0.0100094 97.7619 0.713693 0.70046 0.00141428 46.3579 0.00600121 -0.00813284 0.999951 1.05655
0.70507 -0.709078 -0.00929181 98.2672 0.709134 0.70505 0.0057729 46.8705 0.00245748 -0.0106598 0.999942 1.09496
0.70824 -0.705952 -0.0053806 98.7002 0.705963 0.708174 0.0107034 47.3053 -0.00374689 -0.0113786 0.999933 1.11448
0.711062 -0.703127 -0.00239608 99.1032 0.703046 0.710929 0.0184575 47.7195 -0.0112791 -0.0148062 0.999844 1.11039
0.713783 -0.700375 -0.00115421 99.6477 0.700248 0.713624 0.0198594 48.2509 -0.0130845 -0.014983 0.999809 1.10664
0.714758 -0.699371 0.00129908 100.052 0.699231 0.71465 0.0188613 48.6312 -0.0141194 -0.0125731 0.999824 1.0888
0.714537 -0.699599 -0.00271917 100.618 0.699585 0.714476 0.010391 49.1753 -0.00532614 -0.00932542 0.999948 1.08049
0.714211 -0.699909 -0.00547966 101.022 0.69993 0.714192 0.00521907 49.5681 0.000260626 -0.00756291 0.999972 1.06741
0.712795 -0.701302 -0.00997167 101.541 0.701352 0.712811 0.00246588 50.0928 0.00537834 -0.00875165 0.999947 1.05778
0.710506 -0.703599 -0.0114878 102.052 0.703669 0.710521 0.00354073 50.6109 0.00567232 -0.0105997 0.999929 1.05069
0.708299 -0.705862 -0.00944537 102.648 0.705918 0.708262 0.00670483 51.2125 0.00195867 -0.0114146 0.999942 1.06313
0.706635 -0.707556 -0.0055776 103.098 0.707555 0.706525 0.0139883 51.6529 -0.00595581 -0.0138317 0.99989 1.06817
0.705148 -0.70905 -0.00407397 103.574 0.708984 0.704969 0.0190984 52.1288 -0.0106696 -0.0163562 0.999812 1.06791
0.702948 -0.71117 -0.0100585 104.194 0.711225 0.702754 0.0174886 52.7714 -0.00537007 -0.0194459 0.999801 1.06676
0.701315 -0.71277 -0.0110593 104.596 0.712846 0.701149 0.015529 53.2007 -0.00331446 -0.0187743 0.999822 1.06862
0.698191 -0.71575 -0.0152623 105.215 0.715907 0.698107 0.0110877 53.8555 0.00271846 -0.0186682 0.999822 1.07112
0.696242 -0.717651 -0.0149912 105.682 0.717812 0.696118 0.013492 54.3602 0.000752195 -0.0201537 0.999805 1.07294
0.69316 -0.720665 -0.0132457 106.344 0.720785 0.693054 0.0120318 55.0521 0.000508581 -0.0178879 0.999842 1.08746
0.691575 -0.72225 -0.00903271 106.823 0.722297 0.691431 0.0147224 55.5432 -0.00438769 -0.0167064 0.999855 1.09727
0.689964 -0.72381 -0.00722257 107.506 0.723836 0.689853 0.012961 56.248 -0.00439878 -0.0141704 0.999894 1.11335
0.689508 -0.724281 -0.00177472 107.976 0.724235 0.689426 0.0133199 56.731 -0.00842368 -0.0104692 0.999914 1.12261
0.688671 -0.725075 -0.000209425 108.633 0.72503 0.688622 0.0115988 57.43 -0.00826587 -0.00813843 0.999935 1.12628
0.688309 -0.725418 -0.00137199 109.204 0.725394 0.688275 0.00974457 58.048 -0.00612638 -0.00770164 0.999959 1.12336
0.688852 -0.724913 -0.00144534 109.663 0.724876 0.688798 0.0105769 58.5492 -0.00667044 -0.00833259 0.999952 1.11596
0.689713 -0.724034 -0.00840902 110.307 0.724082 0.689632 0.0109166 59.2526 -0.00210407 -0.013619 0.999907 1.11406
0.691494 -0.722197 -0.0165778 110.865 0.722378 0.691236 0.0193552 59.853 -0.00252223 -0.0253589 0.999684 1.11073
0.694099 -0.719577 -0.0209516 111.402 0.719858 0.693547 0.0286842 60.4318 -0.00611445 -0.0349894 0.999383 1.10728
0.69644 -0.717182 -0.0251262 112.07 0.7176 0.695745 0.0314531 61.1447 -0.00507635 -0.0399358 0.999194 1.10755
0.697783 -0.715859 -0.0254416 112.63 0.716304 0.697193 0.0288636 61.743 -0.00292526 -0.0383644 0.999262 1.11499
0.698944 -0.71487 -0.0209466 113.292 0.715176 0.698595 0.022175 62.4241 -0.00121952 -0.0304793 0.999536 1.12821
0.699186 -0.714758 -0.016139 113.868 0.714938 0.698942 0.0185807 62.9981 -0.00200046 -0.0245299 0.999697 1.14339
0.699807 -0.714249 -0.0111994 114.384 0.714321 0.699556 0.0195486 63.5153 -0.00612803 -0.0216801 0.999757 1.15232
0.700716 -0.713323 -0.0131282 115.128 0.713423 0.700434 0.0205157 64.2707 -0.00543872 -0.0237412 0.999706 1.16272
0.701634 -0.712421 -0.0128614 115.696 0.712468 0.701201 0.0265944 64.8572 -0.00992813 -0.0278228 0.999564 1.16389
0.70239 -0.711704 -0.0112158 116.277 0.711601 0.701748 0.0342778 65.4616 -0.016525 -0.0320577 0.99935 1.16433
0.703124 -0.710952 -0.0127663 116.893 0.710945 0.702558 0.0312336 66.0977 -0.0132365 -0.0310373 0.999434 1.1558
0.703469 -0.710616 -0.012784 117.379 0.710687 0.703123 0.0233122 66.5919 -0.00757732 -0.0254848 0.99965 1.14139
0.702355 -0.711597 -0.0185963 118.702 0.711779 0.702377 0.00605415 67.9263 0.00875401 -0.0174882 0.999818 1.14591
0.701846 -0.712276 -0.00879091 119.199 0.712313 0.701668 0.0168798 68.4255 -0.00585439 -0.0181096 0.999826 1.15336
0.700343 -0.713806 0.00420151 119.926 0.713408 0.700111 0.0300827 69.171 -0.0244143 -0.0180674 0.999553 1.15492
0.699651 -0.71444 0.00848384 120.392 0.713867 0.699486 0.0333651 69.6553 -0.029772 -0.0172879 0.999412 1.1448
0.698692 -0.715416 -0.00303072 121.044 0.715247 0.698421 0.0251376 70.3449 -0.0158674 -0.019731 0.999681 1.11446
0.697816 -0.71615 -0.0135604 121.611 0.716276 0.697626 0.0163728 70.9351 -0.00226545 -0.0211387 0.999775 1.0978
0.696936 -0.716985 -0.0145874 122.075 0.717134 0.696797 0.0139425 71.4152 0.000167939 -0.0201781 0.999797 1.10209
0.694898 -0.718958 -0.015007 122.755 0.719115 0.694809 0.011028 72.1147 0.00249834 -0.0184551 0.999835 1.11105
0.692106 -0.721701 -0.0120124 123.319 0.721794 0.692051 0.00897346 72.7185 0.00183576 -0.0148815 0.999892 1.12595
0.688988 -0.724731 -0.00877453 123.82 0.724784 0.688915 0.00940654 73.2542 -0.000772962 -0.0128423 0.999927 1.14044
0.685941 -0.727547 -0.0126997 124.429 0.727657 0.685844 0.0115642 73.9126 0.000296322 -0.0171734 0.999853 1.15125
0.684013 -0.729256 -0.0176685 124.975 0.72947 0.683822 0.0161523 74.5311 0.000302945 -0.023937 0.999714 1.16135
0.682981 -0.730237 -0.0171453 125.461 0.730431 0.682653 0.0214267 75.0684 -0.00394232 -0.0271568 0.999628 1.16325
0.682129 -0.731129 -0.0126591 125.969 0.731151 0.681647 0.028127 75.6133 -0.0119356 -0.0284409 0.999537 1.16443
0.680759 -0.732402 -0.0128775 126.689 0.732433 0.680298 0.0272205 76.3836 -0.0111757 -0.0279622 0.999555 1.16256
0.679097 -0.733935 -0.0129166 127.169 0.734008 0.678765 0.0226685 76.8964 -0.00787022 -0.0248745 0.999662 1.16735
0.676252 -0.736572 -0.0120121 127.705 0.736663 0.676077 0.0158715 77.474 -0.00356989 -0.0195816 0.999804 1.17847
0.672135 -0.740364 -0.0098703 128.193 0.740425 0.672018 0.0128497 78.0171 -0.00288037 -0.015946 0.999869 1.18523
0.666072 -0.745829 -0.00975657 128.815 0.745892 0.665976 0.0111461 78.7253 -0.00181524 -0.0147006 0.999896 1.18951
0.661772 -0.749683 -0.00577269 129.265 0.749652 0.661611 0.0173494 79.2514 -0.00918583 -0.0158104 0.999837 1.17884
0.657054 -0.753843 0.00170648 129.893 0.753603 0.656899 0.023799 79.9737 -0.0190615 -0.014351 0.999716 1.18178
0.653803 -0.756662 0.00189016 130.414 0.756289 0.653556 0.0299175 80.5825 -0.0238724 -0.0181309 0.999552 1.17131
0.650646 -0.759385 0.000735294 130.897 0.759034 0.650377 0.0296259 81.157 -0.0229757 -0.0187179 0.999564 1.15335
0.646307 -0.763081 -0.00136634 131.355 0.762862 0.646076 0.025052 81.7126 -0.0182345 -0.0172343 0.999689 1.1333
0.64032 -0.768096 -0.00428101 131.893 0.768062 0.64021 0.0146965 82.3794 -0.00854832 -0.0126979 0.999885 1.12119
0.635068 -0.772437 -0.00578257 132.395 0.772439 0.634985 0.0115387 83.014 -0.00523999 -0.011794 0.999919 1.12049
0.628911 -0.777416 -0.0101373 132.924 0.777453 0.628728 0.0163712 83.6985 -0.00635347 -0.0181772 0.999819 1.11496
0.622955 -0.782137 -0.0137776 133.411 0.78222 0.622654 0.0208149 84.3353 -0.00770149 -0.023744 0.999689 1.1024
0.616372 -0.787298 -0.0158596 133.851 0.787423 0.616025 0.0219137 84.9263 -0.00748323 -0.0259971 0.999637 1.09506
0.600852 -0.799135 -0.0189685 134.94 0.799364 0.600668 0.0149224 86.3815 -0.000530862 -0.0241298 0.999713 1.09062
0.595735 -0.802998 -0.0171717 135.342 0.803155 0.59539 0.0214694 86.9243 -0.0070157 -0.0265826 0.999626 1.09476
0.587591 -0.808956 -0.0182356 135.918 0.809094 0.587077 0.0268295 87.7349 -0.0109981 -0.0305192 0.999483 1.09561
0.581463 -0.81342 -0.0157889 136.358 0.813433 0.580892 0.0298678 88.3513 -0.0151233 -0.0302102 0.99943 1.08883
0.57678 -0.816826 -0.0115385 136.757 0.816623 0.576132 0.0347596 88.9149 -0.0217453 -0.0294734 0.99934 1.08302
0.571734 -0.820362 -0.0112642 137.305 0.820154 0.571119 0.0342235 89.6968 -0.0216424 -0.0288052 0.999351 1.06567
0.568941 -0.822263 -0.0137562 137.723 0.822146 0.568303 0.0332862 90.3187 -0.0195524 -0.0302472 0.999352 1.05841
0.56514 -0.824637 -0.0243594 138.281 0.824963 0.564564 0.0268732 91.1592 -0.008407 -0.0352862 0.999351 1.04539
0.563699 -0.825539 -0.0270144 138.634 0.82596 0.56315 0.0255549 91.6863 -0.00588319 -0.0367176 0.999309 1.04725
0.560892 -0.827349 -0.030035 139.17 0.827892 0.560347 0.0248486 92.487 -0.00372866 -0.038805 0.99925 1.05397
0.55918 -0.82854 -0.0289631 139.554 0.828974 0.558325 0.0328574 93.0633 -0.0110528 -0.0423829 0.999042 1.06293
0.556334 -0.830513 -0.0273656 140.094 0.830736 0.555102 0.04174 93.8829 -0.0194745 -0.0459542 0.998759 1.06408
0.552727 -0.83302 -0.0239819 140.494 0.833022 0.551439 0.0446351 94.4766 -0.0239578 -0.0446494 0.998719 1.05279
0.548588 -0.835912 -0.0178008 140.919 0.835786 0.547662 0.0391547 95.1074 -0.0229821 -0.0363593 0.999084 1.02537
0.541918 -0.840291 -0.0153935 141.45 0.840356 0.541528 0.0235359 95.9169 -0.011441 -0.0256906 0.999607 1.00576
0.537128 -0.843328 -0.0171021 141.813 0.843406 0.536652 0.026146 96.5093 -0.0128708 -0.0284686 0.999519 1.00337
0.529829 -0.847904 -0.0188034 142.333 0.84799 0.52924 0.0286535 97.3688 -0.0143446 -0.0311276 0.99942 0.993607
0.52356 -0.851896 -0.0125437 142.745 0.851778 0.523046 0.029957 98.0402 -0.0189593 -0.0263688 0.999473 0.994659
0.512088 -0.858928 0.00341551 143.65 0.858641 0.512019 0.0241432 99.5384 -0.0224846 -0.00943165 0.999709 0.976535
0.50859 -0.86097 0.0104454 143.943 0.860642 0.508667 0.0236233 100.021 -0.0256541 -0.00302685 0.99969 0.975848
0.501629 -0.865005 0.0116205 144.458 0.864999 0.50173 0.00761886 100.893 -0.0124195 0.0062284 0.99991 0.962466
0.496534 -0.867913 0.0139689 144.878 0.868006 0.496548 -0.00277012 101.565 -0.00453496 0.0135001 0.999906 0.960207
0.492153 -0.870461 0.0111158 145.241 0.870466 0.492263 0.0043042 102.192 -0.00921885 0.0075577 0.999975 0.964643
0.486097 -0.873936 0.00258484 145.767 0.873763 0.486032 0.0177778 103.143 -0.0167959 -0.00638619 0.999872 0.961836
0.482853 -0.875696 0.00371669 146.067 0.875256 0.482728 0.030427 103.703 -0.0284386 -0.0114413 0.999545 0.961931
0.477698 -0.878518 0.00364021 146.555 0.877994 0.477553 0.0327909 104.637 -0.0305461 -0.0124679 0.999459 0.952144
0.475982 -0.879454 0.000951614 146.896 0.87913 0.475836 0.0266423 105.297 -0.0238834 -0.0118447 0.999645 0.931799
0.473915 -0.880501 -0.0111382 147.309 0.880523 0.473719 0.0169081 106.11 -0.00960886 -0.0178228 0.999804 0.911748
0.472789 -0.881037 -0.0156527 147.663 0.881167 0.472628 0.012999 106.814 -0.00405409 -0.0199388 0.999793 0.913831
0.471492 -0.881797 -0.011439 148.045 0.881853 0.471362 0.0123822 107.532 -0.00552697 -0.0159258 0.999858 0.932801
0.471272 -0.881963 -0.00664532 148.417 0.881885 0.471086 0.0190408 108.233 -0.0136635 -0.014832 0.999799 0.949766
0.471315 -0.881961 -0.00292163 148.823 0.881674 0.471067 0.0274269 108.976 -0.0228132 -0.0155022 0.999623 0.954407
0.469944 -0.882696 -0.00120056 149.295 0.882415 0.469762 0.0262338 109.879 -0.0225938 -0.0133861 0.999665 0.95101
0.468319 -0.883564 -1.63727e-05 149.7 0.883446 0.46827 0.0162863 110.628 -0.0143819 -0.00764191 0.99988 0.936884
0.467101 -0.884201 0.0052008 150.016 0.884166 0.467127 0.00657997 111.208 -0.00824676 0.00152505 0.999976 0.930103
0.465292 -0.885074 0.0121578 150.497 0.885152 0.465185 -0.0109135 112.083 0.00400504 0.0158377 0.999872 0.93705
0.464716 -0.885375 0.0124624 150.827 0.88546 0.464641 -0.00910161 112.699 0.00226591 0.0152657 0.99989 0.958008
0.463307 -0.886155 0.00961755 151.295 0.88618 0.463339 0.00140352 113.608 -0.00569924 0.00787283 0.999961 0.980108
0.461706 -0.886919 0.0151094 151.626 0.886908 0.461852 0.0096323 114.261 -0.0155235 0.00895079 0.999855 0.998973
0.460389 -0.887527 0.0186141 152.098 0.887633 0.460557 0.00455586 115.203 -0.0126168 0.0144253 0.999834 1.00917
0.460231 -0.887633 0.0171855 152.405 0.887737 0.460344 0.00308576 115.825 -0.0106504 0.0138364 0.999849 0.996853
0.460759 -0.887487 0.00870116 152.823 0.887528 0.460759 -0.00147315 116.683 -0.00270241 0.00839927 0.999968 0.995792
0.460766 -0.8875 0.00615128 153.143 0.887507 0.460789 0.00288363 117.313 -0.00539387 0.00413111 0.999978 1
0.460327 -0.88775 0.00214338 153.578 0.887735 0.460327 0.00564594 118.176 -0.00599896 -0.000696721 0.999987 1.00782
0.45924 -0.888313 -0.00110545 154.33 0.888265 0.459204 0.0109317 119.674 -0.00920363 -0.00600208 0.999942 1.01196
0.458357 -0.888772 0.00146586 154.628 0.888705 0.458335 0.0117153 120.271 -0.011085 -0.00406899 0.999937 1.01582
0.457451 -0.889233 -0.00200554 155.03 0.889226 0.457435 0.00572287 121.084 -0.00417156 -0.00440129 0.999983 1.01757
0.456582 -0.889662 -0.00625413 155.369 0.889678 0.45655 0.00629189 121.782 -0.00274251 -0.00843688 0.999965 1.01569
0.455364 -0.890288 -0.00559008 155.714 0.890253 0.455244 0.0154953 122.45 -0.0112502 -0.012033 0.999883 1.00675
0.454476 -0.890754 -0.00423277 156.097 0.890636 0.454307 0.0197647 123.199 -0.0156829 -0.012755 0.999809 1.00853
0.453529 -0.891263 -0.0001051 156.467 0.891053 0.45341 0.0211479 123.92 -0.0188055 -0.00968902 0.999796 1.02762
0.452761 -0.891646 0.003869 156.821 0.891453 0.452761 0.018108 124.624 -0.0179066 -0.00475005 0.999851 1.05562
0.453228 -0.891391 0.00290278 157.172 0.891302 0.453233 0.0133791 125.317 -0.0132435 -0.0034747 0.999916 1.06647
0.454184 -0.890909 -0.00148136 157.489 0.890888 0.454151 0.0089464 125.975 -0.00729775 -0.00538054 0.999967 1.07946
0.455258 -0.890339 -0.00650367 157.802 0.890363 0.455223 0.00564237 126.602 -0.0020622 -0.00835632 0.999968 1.08506
0.456968 -0.889421 -0.010614 158.107 0.889482 0.456964 0.00284458 127.211 0.00232026 -0.0107393 0.999942 1.08909
0.459841 -0.887884 -0.0144322 158.402 0.887985 0.45987 0.00140422 127.811 0.00539014 -0.0134613 0.999895 1.0936
0.463846 -0.885758 -0.0167609 158.695 0.885902 0.463874 0.00231759 128.401 0.00572212 -0.0159214 0.99986 1.09475
0.469017 -0.88305 -0.0163389 158.99 0.883218 0.468955 0.0066179 128.963 0.00181979 -0.0175232 0.999871 1.09341
0.474489 -0.880146 -0.0152308 159.293 0.880301 0.474317 0.012305 129.522 -0.00360454 -0.0192331 0.99985 1.09767
0.480133 -0.877058 -0.0159736 159.59 0.877198 0.479905 0.0155997 130.076 -0.00601533 -0.0214944 0.999771 1.09913
0.486015 -0.873778 -0.0176268 159.89 0.873944 0.485803 0.0148596 130.632 -0.00441905 -0.0226243 0.999739 1.10236
0.492442 -0.870112 -0.0202864 160.197 0.870346 0.492315 0.0112871 131.196 0.000168935 -0.0232145 0.999734 1.10424
0.499924 -0.865696 -0.0254384 160.544 0.866038 0.499949 0.00592046 131.829 0.0075935 -0.0249912 0.999662 1.10948
0.505477 -0.862548 -0.0228615 160.799 0.862842 0.505419 0.00815087 132.269 0.00452727 -0.0238386 0.999718 1.1114
0.512455 -0.858531 -0.017771 161.205 0.858713 0.512384 0.00877184 132.976 0.00157406 -0.019755 0.999805 1.14516
0.517061 -0.855923 -0.00782618 161.505 0.855934 0.516951 0.0119 133.439 -0.00613703 -0.0128483 0.999908 1.15468
0.5233 -0.852149 0.000611002 161.935 0.852104 0.523278 0.0100223 134.099 -0.00886014 -0.00472439 0.999951 1.17063
0.526079 -0.850434 0.0019785 162.237 0.85038 0.52607 0.0102126 134.559 -0.00972552 -0.00369008 0.999946 1.16534
0.527541 -0.849532 -0.0015295 162.637 0.849505 0.5275 0.00966191 135.189 -0.007401 -0.00639238 0.999958 1.15705
0.526591 -0.850119 -0.000854494 163.336 0.850049 0.526534 0.0134123 136.32 -0.010952 -0.00778859 0.99991 1.1569
0.526216 -0.850351 0.00149422 163.6 0.85018 0.526136 0.0198916 136.759 -0.0177008 -0.0091981 0.999813 1.14134
0.526072 -0.850422 -0.00571966 164.005 0.850312 0.525862 0.0209471 137.435 -0.0148059 -0.015883 0.999765 1.12297
0.525486 -0.850695 -0.0135112 164.308 0.850756 0.525224 0.018827 137.939 -0.00891972 -0.0213879 0.999732 1.09811
0.523668 -0.851666 -0.0208773 164.703 0.851916 0.523641 0.00738103 138.588 0.00464541 -0.0216499 0.999763 1.07923
0.521069 -0.853323 -0.0183117 164.988 0.853461 0.52116 -0.000110786 139.046 0.0096348 -0.0155707 0.999837 1.08677
0.516832 -0.855938 -0.0160231 165.378 0.856041 0.516909 -0.000711951 139.714 0.00889258 -0.0133486 0.999873 1.10481
0.513301 -0.858058 -0.0161054 165.674 0.858209 0.51318 0.0112179 140.268 -0.00136062 -0.0195805 0.999809 1.12261
0.509754 -0.8603 -0.0063767 166.024 0.860147 0.509484 0.0239513 140.885 -0.0173565 -0.0176942 0.999696 1.14711
0.506331 -0.862323 0.00555299 166.371 0.861781 0.506222 0.0327823 141.471 -0.0310798 -0.0118129 0.999449 1.15711
