0.477344 -0.878535 0.0178782 1.10666 0.878709 0.477326 -0.00551711 1.3333 -0.00368676 0.0183433 0.999825 0.787487
0.475969 -0.879319 0.015868 1.53251 0.879448 0.475986 -0.00296548 2.12324 -0.00494532 0.0153665 0.99987 0.787851
0.474885 -0.879875 0.017417 1.96319 0.879981 0.475 0.00289425 2.92541 -0.0108196 0.0139522 0.999844 0.786679
0.473596 -0.880492 0.0209921 2.40009 0.880505 0.473887 0.011915 3.74479 -0.020439 0.0128408 0.999709 0.780181
0.472558 -0.88095 0.0248383 2.8449 0.880692 0.473091 0.0237976 4.5883 -0.0327153 0.0106292 0.999408 0.766331
0.471201 -0.881599 0.027423 3.29902 0.880813 0.471956 0.0377598 5.46238 -0.0462315 0.00636201 0.99891 0.743022
0.470049 -0.882116 0.0304154 3.76272 0.880632 0.471024 0.0512148 6.3694 -0.0595038 0.0027113 0.998224 0.71032
0.469028 -0.882568 0.0329562 4.23692 0.880214 0.470183 0.0644231 7.30563 -0.0723532 -0.00120781 0.997378 0.670548
0.468475 -0.882853 0.0332041 4.71754 0.879491 0.469598 0.0772846 8.26211 -0.0838235 -0.00700316 0.996456 0.62593
0.468541 -0.882866 0.0318938 5.20053 0.878673 0.469454 0.0868693 9.2272 -0.0916667 -0.0126776 0.995709 0.58014
0.469214 -0.882611 0.0289203 5.67959 0.878084 0.469787 0.0909317 10.1864 -0.0938437 -0.017272 0.995437 0.539372
0.470335 -0.882164 0.0239024 6.15091 0.87787 0.470469 0.0894623 11.1343 -0.0901658 -0.021094 0.995703 0.509903
0.472145 -0.881474 0.00915162 7.10377 0.878702 0.471439 0.0750239 12.9917 -0.070446 -0.0273806 0.99714 0.440836
0.472513 -0.881319 -0.00275833 7.55817 0.879885 0.471561 0.0585899 13.8913 -0.0503357 -0.0301115 0.998278 0.493666
0.472746 -0.881141 -0.0100987 8.02277 0.880554 0.471931 0.0436642 14.7827 -0.0337084 -0.0295345 0.998995 0.562439
0.472189 -0.881369 -0.0150774 8.47818 0.881234 0.471561 0.0325072 15.6638 -0.0215409 -0.0286363 0.999358 0.631349
0.470818 -0.882034 -0.0186142 8.93187 0.882141 0.470365 0.0241647 16.5453 -0.0125586 -0.0277975 0.999535 0.693004
0.469116 -0.88294 -0.0186384 9.38991 0.883135 0.468969 0.0118556 17.4189 -0.00172697 -0.0220219 0.999756 0.751637
0.466895 -0.884089 -0.019872 9.8477 0.884234 0.467036 -0.002874 18.291 0.0118218 -0.0162297 0.999798 0.805664
0.464376 -0.885285 -0.024999 10.3041 0.885266 0.464814 -0.0158739 19.1628 0.0256728 -0.0147593 0.999561 0.862988
0.461606 -0.886554 -0.0306847 10.7559 0.886293 0.462379 -0.026282 20.0331 0.0374884 -0.0150637 0.999183 0.926343
0.459259 -0.887656 -0.0338866 11.2045 0.887145 0.460273 -0.0334931 20.903 0.0453275 -0.0146803 0.998864 0.990504
0.4575 -0.888484 -0.035912 11.6581 0.88789 0.458648 -0.035973 21.7758 0.0484324 -0.0154282 0.998707 1.04865
0.455852 -0.889253 -0.0377985 12.1087 0.888616 0.457118 -0.0374749 22.6506 0.0506031 -0.0165054 0.998582 1.09604
0.454437 -0.889937 -0.0387065 12.5539 0.88931 0.455754 -0.0376377 23.5306 0.0511359 -0.0173181 0.998541 1.13343
0.453708 -0.890361 -0.0375158 13.0009 0.889753 0.454951 -0.036859 24.413 0.0498857 -0.0166566 0.998616 1.1654
0.45342 -0.890417 -0.0395983 13.4469 0.890066 0.454681 -0.0323771 25.2976 0.0468337 -0.0205646 0.998691 1.18665
0.453498 -0.890301 -0.0412648 13.8962 0.890121 0.454771 -0.029445 26.1839 0.044981 -0.0233774 0.998714 1.19689
0.453298 -0.89045 -0.0402486 14.3493 0.890261 0.454518 -0.0291132 27.0664 0.0442176 -0.0226348 0.998765 1.20381
0.453396 -0.890315 -0.0420883 14.795 0.89015 0.454709 -0.0295541 27.945 0.0454504 -0.0240652 0.998677 1.20825
0.453309 -0.890324 -0.0428318 15.2411 0.890222 0.454631 -0.0285595 28.8217 0.0448999 -0.0251835 0.998674 1.21371
0.452541 -0.890818 -0.0406138 15.6863 0.890744 0.45372 -0.0266937 29.6983 0.0422065 -0.0240965 0.998818 1.21566
0.452057 -0.891183 -0.0379022 16.1306 0.891162 0.453059 -0.0238126 30.5777 0.0383933 -0.0230124 0.998998 1.21419
0.451976 -0.89125 -0.0372978 16.5777 0.891333 0.452881 -0.0206162 31.4599 0.0352656 -0.0239267 0.999092 1.2083
0.451752 -0.891244 -0.0400522 17.0215 0.891402 0.452751 -0.020443 32.3392 0.0363534 -0.0264674 0.998988 1.20311
0.451629 -0.89128 -0.0406412 17.4649 0.891439 0.452661 -0.0208607 33.212 0.0369894 -0.0268078 0.998956 1.20632
0.451561 -0.8914 -0.0387059 17.9089 0.891619 0.45244 -0.0177136 34.0823 0.033302 -0.0265121 0.999094 1.21228
0.45183 -0.891478 -0.0334223 18.3537 0.891692 0.452443 -0.0134561 34.9491 0.0271175 -0.0237225 0.999351 1.21459
0.452051 -0.891484 -0.0301144 18.7924 0.891712 0.452498 -0.00980929 35.8186 0.0223715 -0.0224191 0.999498 1.20676
0.452379 -0.891427 -0.0266705 19.2298 0.891608 0.452727 -0.00857225 36.6854 0.019716 -0.0199017 0.999608 1.19442
0.45225 -0.891613 -0.0222804 19.6727 0.891691 0.452537 -0.00990021 37.5406 0.0189099 -0.0153899 0.999703 1.18492
0.451842 -0.891894 -0.0190564 20.1141 0.891939 0.452061 -0.00919549 38.3997 0.0168161 -0.0128422 0.999776 1.17911
0.451431 -0.892191 -0.0143192 20.5544 0.892225 0.451549 -0.00626125 39.2613 0.012052 -0.00994942 0.999878 1.17709
0.45107 -0.892457 -0.00746437 20.9944 0.892473 0.451096 -0.00211031 40.1217 0.00525051 -0.00570985 0.99997 1.17297
0.450924 -0.89255 -0.00463131 21.4306 0.892562 0.450915 0.00288958 40.9806 -0.000490773 -0.00543672 0.999985 1.16105
0.450525 -0.892748 -0.00531137 21.8587 0.892763 0.450508 0.00412958 41.8299 -0.00129385 -0.00660228 0.999977 1.13908
0.448296 -0.893781 -0.0136119 22.6872 0.893822 0.448394 -0.00507992 43.4904 0.0106438 -0.00988929 0.999894 1.12761
0.442665 -0.896159 -0.0307764 24.3676 0.896437 0.443091 -0.00840314 46.8861 0.0211673 -0.0238693 0.999491 1.14174
0.443362 -0.895933 -0.0271047 24.6136 0.896263 0.443523 6.34058e-05 47.3964 0.0119647 -0.024321 0.999633 1.12415
0.442825 -0.896249 -0.0253678 25.0065 0.896589 0.442822 0.00603423 48.1979 0.00582522 -0.0254166 0.99966 1.1168
0.441688 -0.896821 -0.024981 25.4228 0.89716 0.441637 0.00782076 49.0548 0.00401874 -0.0258663 0.999657 1.10958
0.441156 -0.897139 -0.0228526 25.7422 0.89743 0.441021 0.0109048 49.7109 0.000295356 -0.0253193 0.999679 1.10485
0.440595 -0.897432 -0.0221718 26.1007 0.897699 0.440361 0.0147721 50.458 -0.00349334 -0.0264121 0.999645 1.10127
0.437535 -0.898798 -0.0269202 26.8802 0.899193 0.437203 0.0174811 52.0765 -0.00394237 -0.031855 0.999485 1.08573
0.436121 -0.899288 -0.0328528 27.1972 0.899887 0.435887 0.0143482 52.7511 0.00141694 -0.0358213 0.999357 1.0754
0.435361 -0.899497 -0.036956 27.4567 0.90023 0.435295 0.0102238 53.3106 0.00689047 -0.0377199 0.999265 1.06801
0.435313 -0.899536 -0.0365776 27.6804 0.900258 0.435223 0.0108065 53.7937 0.00619857 -0.0376335 0.999272 1.06816
0.434815 -0.899719 -0.0379821 28.2874 0.90051 0.434625 0.0135346 55.078 0.00433066 -0.0400883 0.999187 1.08741
0.433806 -0.900137 -0.0395802 28.6753 0.901004 0.433491 0.0166697 55.9131 0.00215262 -0.0428934 0.999077 1.08984
0.434085 -0.900149 -0.0360722 28.8431 0.900866 0.433585 0.0211052 56.2745 -0.00335752 -0.0416576 0.999126 1.08689
0.43396 -0.900392 -0.0311932 29.1266 0.900927 0.433584 0.0182864 56.8685 -0.00294004 -0.0360384 0.999346 1.08757
0.434439 -0.900298 -0.0269633 29.3983 0.900701 0.434248 0.0128808 57.4383 0.000112161 -0.0298818 0.999553 1.08919
0.436446 -0.899366 -0.0256108 29.6607 0.899728 0.436333 0.0101189 57.9915 0.00207424 -0.0274591 0.999621 1.09485
0.447871 -0.893769 -0.0242528 30.421 0.894081 0.44753 0.0183416 59.5307 -0.00553929 -0.0298986 0.999538 1.10164
0.456948 -0.889288 -0.0190899 30.7457 0.889481 0.456724 0.0150585 60.1737 -0.00467251 -0.0238611 0.999704 1.1
0.462069 -0.88667 -0.0175484 30.8795 0.886805 0.461773 0.0185387 60.4554 -0.00833435 -0.0241282 0.999674 1.09853
0.473797 -0.880384 -0.0209868 31.1682 0.880605 0.473454 0.019414 60.997 -0.00715549 -0.0276794 0.999591 1.09513
0.484282 -0.874619 -0.0226505 31.3708 0.874864 0.483824 0.0229402 61.3707 -0.00910503 -0.0309256 0.99948 1.09244
0.508551 -0.860712 -0.0234727 31.7054 0.861022 0.508225 0.0186853 61.9252 -0.00415326 -0.029713 0.99955 1.08828
0.521413 -0.853092 -0.0190657 31.8645 0.85329 0.521144 0.017447 62.1576 -0.00494795 -0.0253657 0.999666 1.08836
0.544982 -0.838326 -0.0142689 32.1225 0.838433 0.544792 0.0152414 62.5375 -0.00500371 -0.0202698 0.999782 1.0886
0.570935 -0.820923 -0.0109 32.3805 0.820981 0.570796 0.0135034 62.899 -0.00486354 -0.0166583 0.999849 1.09073
0.612594 -0.790313 -0.011574 32.7333 0.790396 0.612556 0.00701646 63.3618 0.00154449 -0.0134463 0.999908 1.09039
0.630341 -0.776273 -0.00842602 32.893 0.776318 0.630312 0.00606854 63.5381 0.000600185 -0.0103665 0.999946 1.08957
0.664328 -0.747426 -0.00477915 33.1894 0.747441 0.664313 0.00436286 63.8534 -8.60645e-05 -0.00647051 0.999979 1.08725
0.740737 -0.671786 -0.00346628 33.8367 0.671782 0.740745 -0.00227636 64.4323 0.00409686 -0.000642402 0.999991 1.0806
0.775803 -0.630975 0.000265419 34.152 0.63096 0.775783 -0.00706897 64.6269 0.00425444 0.0056516 0.999975 1.07502
0.814182 -0.580602 0.00287248 34.5074 0.580593 0.814111 -0.0116128 64.823 0.00440393 0.0111227 0.999928 1.06575
0.859876 -0.510503 0.000929071 34.9404 0.510441 0.859739 -0.0172727 65.0279 0.008019 0.0153266 0.99985 1.04997
0.884347 -0.466817 0.00350364 35.2117 0.466784 0.884127 -0.0207656 65.1207 0.00659608 0.0199994 0.999778 1.04056
0.919514 -0.393049 0.00265569 35.6412 0.392992 0.919213 -0.024612 65.2539 0.00723258 0.0236747 0.999694 1.03006
0.93964 -0.342118 0.00560135 35.9494 0.342148 0.939313 -0.0250207 65.3251 0.00329863 0.025427 0.999671 1.02189
0.960415 -0.278439 0.00864872 36.3373 0.278567 0.960141 -0.0230293 65.402 -0.00189174 0.0245269 0.999697 1.01097
0.976642 -0.214604 0.0107868 36.7266 0.214784 0.976457 -0.019983 65.46 -0.00624443 0.0218331 0.999742 0.998946
0.988469 -0.150982 0.0115461 37.119 0.151181 0.988326 -0.0188813 65.4948 -0.00856058 0.0204091 0.999755 0.986018
0.995964 -0.0890318 0.011382 37.5126 0.0892468 0.995808 -0.0200321 65.509 -0.00955081 0.0209671 0.999735 0.972867
0.999489 -0.030255 0.0102662 37.903 0.0304412 0.999366 -0.0184878 65.5066 -0.00970029 0.0187909 0.999776 0.96314
0.991651 0.128917 0.00281359 39.04 -0.128902 0.991645 -0.00486444 65.3905 -0.00341719 0.00446115 0.999984 0.930021
0.984444 0.175685 0.0020477 39.4178 -0.175654 0.984395 -0.0105868 65.3232 -0.00387568 0.0100624 0.999942 0.898929
0.97624 0.216677 0.00235038 39.7944 -0.216609 0.976117 -0.0166357 65.2416 -0.00589881 0.0157313 0.999859 0.869817
0.966136 0.258031 -0.00125529 40.2098 -0.258024 0.966045 -0.0134181 65.1418 -0.00224962 0.0132876 0.999909 0.850867
0.958942 0.283579 -0.00368386 40.5143 -0.283592 0.958937 -0.00381747 65.0714 0.00245004 0.00470544 0.999986 0.854915
0.949933 0.312414 -0.0049988 40.8913 -0.312367 0.949924 0.0084475 64.9675 0.0073876 -0.0064631 0.999952 0.86544
0.940926 0.338553 -0.00637335 41.2703 -0.338432 0.940871 0.0149916 64.8483 0.011072 -0.011949 0.999867 0.875453
0.932065 0.362194 -0.00844316 41.6561 -0.362035 0.932028 0.0159492 64.7158 0.013646 -0.011809 0.999837 0.878372
0.923725 0.382813 -0.01362 42.0515 -0.382629 0.923791 0.0143025 64.5715 0.0180572 -0.00800019 0.999805 0.868306
0.916022 0.400517 -0.0221493 42.454 -0.400278 0.916279 0.0145157 64.4134 0.0261087 -0.00443081 0.999649 0.85509
0.908439 0.417194 -0.0262334 42.862 -0.416885 0.908808 0.0165528 64.2394 0.0307468 -0.0041009 0.999519 0.860723
0.901581 0.432018 -0.0226072 43.2817 -0.431705 0.901844 0.0175401 64.0486 0.0279658 -0.00605418 0.999591 0.880178
0.888484 0.45867 -0.0147875 44.1452 -0.458486 0.888587 0.0142809 63.6303 0.0196902 -0.00590852 0.999789 0.906103
0.882669 0.469811 -0.0131446 44.5966 -0.469713 0.882763 0.00994996 63.3939 0.0162782 -0.00260834 0.999864 0.90499
0.877495 0.479401 -0.0132967 45.0603 -0.479367 0.877595 0.00587624 63.1417 0.0144862 0.00121764 0.999894 0.902936
0.8731 0.487335 -0.0141581 45.5341 -0.487342 0.873205 0.00320679 62.8803 0.0139257 0.00409999 0.999895 0.900444
0.869829 0.493132 -0.0147911 46.0174 -0.493165 0.869934 0.00162344 62.6105 0.0136679 0.00588235 0.999889 0.896137
0.866563 0.498703 -0.0190496 46.6002 -0.498754 0.866741 0.00233797 62.2829 0.017677 0.00747504 0.999816 0.894177
0.864563 0.502192 -0.018285 46.9981 -0.502242 0.864725 0.00207132 62.0594 0.0168517 0.00739272 0.999831 0.886403
0.862086 0.506476 -0.017015 47.5347 -0.506534 0.86222 0.00104434 61.7556 0.0151996 0.00771838 0.999855 0.878437
0.860437 0.509321 -0.0155016 48.091 -0.509391 0.860535 -0.000687027 61.441 0.0129898 0.00848753 0.99988 0.865713
0.85767 0.514035 -0.0130329 49.2337 -0.514098 0.85773 -0.0017817 60.7875 0.0102628 0.00822829 0.999913 0.851987
0.857032 0.515106 -0.0126928 49.8291 -0.515186 0.857069 -0.00388317 60.4466 0.00887834 0.00986714 0.999912 0.833376
0.857309 0.514631 -0.0132982 50.4323 -0.514738 0.857324 -0.00635186 60.0973 0.008132 0.0122906 0.999891 0.815644
0.85835 0.512883 -0.0136522 51.0541 -0.513012 0.858339 -0.00855362 59.7385 0.00733124 0.0143458 0.99987 0.799628
0.860247 0.509697 -0.0135389 51.6919 -0.509829 0.860227 -0.00919287 59.3753 0.00696094 0.0148107 0.999866 0.78558
0.86386 0.503283 -0.021266 52.5651 -0.503491 0.863983 -0.00553731 58.8805 0.0155866 0.0154907 0.999758 0.782617
0.865376 0.500788 -0.0183336 52.9417 -0.500965 0.865443 -0.00652278 58.6765 0.0126002 0.0148292 0.999811 0.770987
0.868034 0.49623 -0.0165211 53.6826 -0.496383 0.868078 -0.00672447 58.2646 0.0110047 0.0140379 0.999841 0.764654
0.87148 0.490136 -0.0169876 54.5597 -0.490229 0.871592 -0.00156614 57.7901 0.0140386 0.00969268 0.999854 0.756083
0.872901 0.487771 -0.0110752 54.9813 -0.487811 0.872949 -0.00106783 57.5795 0.00914721 0.0063347 0.999938 0.73508
0.875187 0.483745 -0.0061269 55.7166 -0.483749 0.875206 0.000979005 57.1973 0.00583589 0.00210707 0.999981 0.717024
0.87851 0.477683 -0.00629028 57.1722 -0.477607 0.87851 0.0105485 56.4229 0.0105649 -0.00626271 0.999925 0.701036
0.879183 0.476483 -0.000636717 59.41 -0.476311 0.878899 0.0257866 55.2883 0.0128465 -0.0223679 0.999667 0.706305
0.879669 0.475576 0.00320268 60.8753 -0.475442 0.879215 0.0305815 54.5422 0.011728 -0.0284243 0.999527 0.692256
0.879805 0.475267 0.00802032 63.0818 -0.475168 0.878923 0.041364 53.4105 0.0126097 -0.0402032 0.999112 0.680246
0.879208 0.476411 0.0051112 63.9431 -0.476054 0.878017 0.0495791 52.9751 0.0191323 -0.0460236 0.998757 0.671606
0.878136 0.478313 0.00970136 64.4922 -0.478139 0.876772 0.0515197 52.7021 0.0161366 -0.0498798 0.998625 0.666833
0.873402 0.486652 0.0184141 65.9489 -0.486882 0.87173 0.0550666 51.9321 0.0107462 -0.0570607 0.998313 0.676282
0.861386 0.507479 0.0218936 68.0837 -0.507808 0.859321 0.0608117 50.7591 0.012047 -0.0635001 0.997909 0.678274
0.856295 0.515976 0.0229722 68.7896 -0.51634 0.854144 0.0619013 50.3647 0.012318 -0.0648672 0.997818 0.671821
0.844937 0.534247 0.0257211 70.1576 -0.534743 0.842734 0.0620438 49.5364 0.0114707 -0.0661773 0.997742 0.6774
0.836381 0.547801 0.0194977 71.0058 -0.547792 0.834027 0.065746 48.9964 0.0197541 -0.0656694 0.997646 0.679363
0.832918 0.552978 0.0215096 71.4182 -0.553121 0.830649 0.063862 48.7271 0.0174474 -0.0650892 0.997727 0.672
0.821026 0.57044 0.0226579 72.719 -0.570602 0.818703 0.0643345 47.8544 0.0181489 -0.0657489 0.997671 0.678681
0.815323 0.578521 0.0236971 73.363 -0.578736 0.81301 0.0638758 47.4152 0.0176875 -0.0657938 0.997676 0.673167
0.807494 0.589558 0.0193598 74.1261 -0.589412 0.805122 0.0661204 46.8711 0.0233948 -0.0648027 0.997624 0.676994
0.803879 0.59442 0.0210279 74.5527 -0.594417 0.801614 0.0639054 46.5618 0.0211305 -0.0638716 0.997734 0.677668
0.796319 0.604599 0.0183125 75.3105 -0.604391 0.794101 0.0641517 45.9982 0.0242442 -0.0621531 0.997772 0.686323
0.793461 0.608242 0.0214677 75.7169 -0.60831 0.791436 0.0599085 45.6911 0.0194485 -0.0605941 0.997973 0.681025
0.787793 0.615601 0.0204477 76.4706 -0.615641 0.785941 0.0572983 45.1162 0.0192022 -0.0577276 0.998148 0.67862
0.784025 0.620261 0.0240847 77.3978 -0.620633 0.782632 0.0479793 44.3831 0.0109102 -0.0525647 0.998558 0.67324
0.781479 0.62327 0.0287237 78.5059 -0.623916 0.780309 0.0429736 43.5132 0.0043708 -0.0515042 0.998663 0.655612
0.781275 0.623713 0.0243009 79.1821 -0.624116 0.780011 0.0453968 42.9841 0.00935966 -0.050634 0.998673 0.633266
0.782203 0.62249 0.025784 79.5128 -0.622989 0.781056 0.0428431 42.7225 0.00653062 -0.0495752 0.998749 0.619582
0.800357 0.598908 0.0271536 81.4243 -0.599499 0.799096 0.0452406 41.2707 0.00539663 -0.0524872 0.998607 0.638401
0.832839 0.552917 0.0257384 82.7588 -0.553458 0.831182 0.0531153 40.4114 0.00797509 -0.0584816 0.998257 0.649423
0.880119 0.47393 0.0279584 84.1635 -0.474753 0.878454 0.054111 39.6895 0.0010847 -0.0608974 0.998143 0.665084
0.906278 0.421822 0.0269608 84.7512 -0.42268 0.904677 0.0538652 39.4692 -0.00166932 -0.0602126 0.998184 0.673285
0.919045 0.39297 0.0305042 85.0746 -0.394078 0.917613 0.0518558 39.3713 -0.00761331 -0.0596789 0.998189 0.675726
0.937563 0.346012 0.0353793 85.5693 -0.347477 0.936281 0.0513644 39.2476 -0.0153522 -0.0604508 0.998053 0.676787
0.954789 0.294724 0.0389232 86.0678 -0.296484 0.953619 0.0520369 39.1541 -0.0217814 -0.0612245 0.997886 0.674613
0.994842 0.0974846 0.0280474 87.671 -0.0987546 0.993945 0.048165 39.0416 -0.0231822 -0.0506864 0.998446 0.657152
0.998378 0.0514178 0.0244596 88.0018 -0.0524548 0.997661 0.0438337 39.0643 -0.0221486 -0.0450456 0.998739 0.674872
0.999148 -0.0388905 0.0138263 88.5926 0.0383249 0.998502 0.0390519 39.1377 -0.0153243 -0.0384887 0.999142 0.687347
0.995767 -0.0912889 0.0106852 88.9427 0.0908396 0.995182 0.0368795 39.2085 -0.0140004 -0.0357527 0.999263 0.703839
0.973107 -0.230297 0.00506241 89.8857 0.230024 0.972657 0.0320504 39.495 -0.0123051 -0.030024 0.999473 0.70851
0.931573 -0.363419 0.00991361 90.7859 0.363048 0.931368 0.0273715 39.9006 -0.0191805 -0.0218994 0.999576 0.73054
0.903779 -0.427785 0.0135656 91.2164 0.427379 0.903721 0.0252163 40.1443 -0.0230466 -0.0169923 0.99959 0.745782
0.810667 -0.585182 0.019486 92.4207 0.584695 0.810847 0.0256831 41.0021 -0.0308295 -0.00942713 0.99948 0.758376
0.77937 -0.626393 0.0145947 92.7636 0.626061 0.779467 0.0218988 41.279 -0.0250933 -0.0079301 0.999654 0.772603
0.749267 -0.66223 0.00713534 93.1192 0.662084 0.749269 0.0155482 41.5863 -0.0156428 -0.00692556 0.999854 0.783613
0.726582 -0.687074 0.00271282 93.4316 0.687013 0.726561 0.0110366 41.878 -0.00955396 -0.00615523 0.999935 0.77789
0.706406 -0.707803 0.00217126 93.7707 0.707797 0.706409 0.00312747 42.2056 -0.00374743 -0.000672458 0.999993 0.778776
0.688204 -0.725512 0.00268272 94.1695 0.725504 0.688165 -0.00852617 42.6098 0.00433969 0.00781407 0.99996 0.793816
0.677549 -0.735476 -0.0015751 94.5304 0.735356 0.677474 -0.0167262 42.9698 0.0133688 0.0101746 0.999859 0.81792
0.674085 -0.738648 -0.00292319 94.7476 0.738512 0.674028 -0.016937 43.1773 0.0144808 0.00925819 0.999852 0.837381
0.668785 -0.743422 -0.0070948 95.0971 0.743292 0.668807 -0.0146363 43.5485 0.015626 0.004515 0.999868 0.857767
0.664508 -0.74705 -0.01857 95.5497 0.746883 0.66476 -0.0161156 44.0458 0.0243838 -0.00316066 0.999698 0.886598
0.664757 -0.746808 -0.0193903 95.778 0.746671 0.665024 -0.0149734 44.2943 0.0240773 -0.00452447 0.9997 0.906491
0.666264 -0.745361 -0.0230085 96.2543 0.745045 0.666656 -0.0218663 44.8146 0.031637 -0.00257359 0.999496 0.940549
0.668935 -0.743047 -0.0201964 96.5015 0.742679 0.669239 -0.023381 45.071 0.0308894 0.000640912 0.999523 0.958016
0.675916 -0.736716 -0.0196895 97.2917 0.736192 0.676187 -0.0281448 45.9081 0.0340485 0.00452829 0.99941 1.00785
0.687386 -0.726273 -0.00530421 98.5863 0.726187 0.687393 -0.0119931 47.2417 0.0123564 0.00439206 0.999914 1.06146
0.694732 -0.719087 0.0161877 99.9926 0.71926 0.69466 -0.0106323 48.6203 -0.00359938 0.0190297 0.999812 1.0492
0.695539 -0.718281 0.0172554 100.982 0.718478 0.695204 -0.0219213 49.5838 0.0037496 0.0276448 0.999611 1.04323
0.695369 -0.718503 0.0146596 101.499 0.718623 0.695011 -0.0232622 50.0979 0.00652544 0.0267106 0.999622 1.0455
0.694434 -0.719399 0.0150634 102.007 0.719528 0.694069 -0.0233996 50.6044 0.00637856 0.027088 0.999613 1.04829
0.69365 -0.720027 0.0202369 102.518 0.720311 0.693346 -0.0205523 51.1164 0.000767089 0.028833 0.999584 1.05309
0.692601 -0.720875 0.0253639 103.14 0.721304 0.692397 -0.0175213 51.7345 -0.00493118 0.0304303 0.999525 1.05089
0.692041 -0.721342 0.0272856 103.551 0.721806 0.691949 -0.0142116 52.1437 -0.00862883 0.02953 0.999527 1.04674
0.691419 -0.722072 0.0234927 104.082 0.722416 0.691348 -0.0123275 52.6895 -0.0073403 0.025495 0.999648 1.04439
0.69005 -0.723539 0.0179557 104.609 0.723759 0.689898 -0.0145845 53.2411 -0.00183517 0.0230596 0.999732 1.04931
0.687754 -0.725789 0.0150043 105.149 0.72594 0.687538 -0.0173962 53.8082 0.00230993 0.0228565 0.999736 1.05583
0.684768 -0.728662 0.0119982 105.842 0.728709 0.684431 -0.02318 54.5458 0.00867845 0.0246161 0.999659 1.06694
0.683587 -0.729683 0.0164653 106.22 0.729856 0.683268 -0.021342 54.9366 0.00432268 0.0266064 0.999637 1.07393
0.682023 -0.731002 0.0219441 106.797 0.731331 0.681746 -0.0194227 55.5378 -0.000762256 0.0292951 0.99957 1.07944
0.680388 -0.732167 0.0316771 107.949 0.73282 0.680124 -0.0201482 56.7449 -0.00679247 0.0369223 0.999295 1.08513
0.680487 -0.731893 0.0356433 108.537 0.732695 0.68027 -0.0197657 57.3635 -0.00978069 0.039566 0.999169 1.08402
0.680828 -0.73163 0.0345017 109.12 0.732373 0.680657 -0.0183057 57.983 -0.0100909 0.0377312 0.999237 1.08028
0.681728 -0.731253 0.0227132 109.826 0.731606 0.681402 -0.0210676 58.7377 -7.10152e-05 0.0309795 0.99952 1.08119
0.682604 -0.730561 0.0182407 110.235 0.730788 0.682359 -0.0182964 59.1778 0.0009199 0.0258193 0.999666 1.08647
0.684796 -0.728698 0.00729611 110.972 0.728714 0.684667 -0.0144119 59.963 0.00550653 0.015186 0.999869 1.09354
0.686859 -0.726759 0.00676418 111.384 0.72679 0.686814 -0.00796935 60.4017 0.00114607 0.01039 0.999945 1.09353
0.690068 -0.723744 0.000449238 112.187 0.723718 0.690038 -0.00896941 61.2515 0.00618156 0.00651462 0.99996 1.09867
0.692659 -0.721242 0.00585083 113.14 0.721262 0.692607 -0.00880576 62.2461 0.00229876 0.0103194 0.999944 1.11304
0.694029 -0.719722 0.0180049 114.376 0.71994 0.693918 -0.0128112 63.515 -0.00327343 0.0218538 0.999756 1.12325
0.697701 -0.715932 0.0255911 119.232 0.716356 0.697569 -0.0152301 68.4602 -0.00694786 0.0289584 0.999556 1.11662
0.69644 -0.716647 0.0372616 120.002 0.717223 0.696837 -0.00311927 69.2399 -0.0237298 0.0288972 0.999301 1.11767
0.695898 -0.717069 0.0392192 120.355 0.717584 0.69647 0.00132606 69.6111 -0.0282659 0.0272203 0.99923 1.10401
0.694905 -0.718846 0.0191446 121.531 0.719076 0.694858 -0.0101187 70.8318 -0.00602899 0.020798 0.999766 1.08412
0.69405 -0.719727 0.0169605 122.12 0.719926 0.693891 -0.0148875 71.4472 -0.00105382 0.0225429 0.999745 1.09479
0.690165 -0.723412 0.0186223 123.273 0.723648 0.690016 -0.0145244 72.661 -0.00234253 0.0235002 0.999721 1.10996
0.687104 -0.726359 0.0170619 123.844 0.726559 0.686933 -0.015358 73.2702 -0.000565004 0.022949 0.999736 1.12461
0.684198 -0.729162 0.0140095 124.405 0.729296 0.684042 -0.0146159 73.8717 0.00107423 0.0202173 0.999795 1.13311
0.68219 -0.731135 0.00766914 124.961 0.731173 0.682128 -0.0093156 74.4862 0.00157962 0.0119625 0.999927 1.14282
0.680828 -0.732432 0.00403188 125.515 0.732442 0.680808 -0.00530753 75.0924 0.00114247 0.00656664 0.999978 1.14551
0.679581 -0.73358 0.00544889 126.077 0.733595 0.679586 -0.00117955 75.7001 -0.0028377 0.00479888 0.999984 1.14447
0.678673 -0.73439 0.00857504 126.641 0.734412 0.678703 0.000824445 76.3044 -0.00642537 0.00573809 0.999963 1.13979
0.676631 -0.736307 0.00479052 127.313 0.73632 0.676599 -0.00676371 77.0332 0.0017389 0.00810389 0.999966 1.14452
0.673097 -0.739553 0.00102631 127.883 0.739446 0.672974 -0.0180466 77.6557 0.0126557 0.012906 0.999837 1.16189
0.669212 -0.743071 0.000345623 128.318 0.742887 0.669036 -0.0225728 78.1454 0.016542 0.0153627 0.999745 1.17796
0.666052 -0.745894 0.00399403 128.691 0.745827 0.665896 -0.0180128 78.5728 0.0107761 0.0149763 0.99983 1.18674
0.659234 -0.751882 0.00918522 129.41 0.751931 0.659125 -0.0124349 79.3983 0.00329539 0.0151042 0.99988 1.18448
0.657381 -0.753378 0.0165023 129.731 0.753525 0.6574 -0.00499416 79.7673 -0.00708615 0.015718 0.999851 1.18219
0.654148 -0.756095 0.0202426 130.277 0.756154 0.654364 0.00615839 80.3987 -0.0179024 0.011278 0.999776 1.16983
0.651375 -0.758535 0.0183085 130.815 0.758483 0.651599 0.0111034 81.0311 -0.0203521 0.00665416 0.999771 1.15142
0.64482 -0.764302 0.00702631 131.498 0.764318 0.644839 0.000645323 81.8493 -0.00502406 0.00495422 0.999975 1.13342
0.641967 -0.766708 0.00597623 131.82 0.766725 0.641976 -0.000652322 82.2541 -0.00333645 0.00500089 0.999982 1.13393
0.637245 -0.770632 0.00675823 132.349 0.770656 0.63725 -0.001677 82.9129 -0.00301433 0.00627692 0.999976 1.13528
0.625787 -0.77999 0.00238289 133.386 0.779923 0.625768 0.0115703 84.2247 -0.0105158 -0.00538206 0.99993 1.11387
0.611452 -0.79124 -0.00806787 134.393 0.791272 0.611366 0.0109398 85.5533 -0.00372363 -0.0130731 0.999908 1.10152
0.587241 -0.80926 -0.0156721 136.004 0.809403 0.587031 0.0161897 87.7703 -0.00390164 -0.0221923 0.999746 1.09267
0.58234 -0.812805 -0.0150964 136.361 0.812909 0.582039 0.0202566 88.2922 -0.007678 -0.0240682 0.999681 1.08741
0.578462 -0.815612 -0.0125968 136.748 0.815588 0.578042 0.0261329 88.8526 -0.0140328 -0.0253907 0.999579 1.07831
0.57415 -0.818673 -0.0112567 137.244 0.818563 0.573671 0.0292632 89.5642 -0.0174993 -0.0260158 0.999508 1.06246
0.567273 -0.823244 -0.0216705 138.196 0.823453 0.566664 0.0286025 90.9697 -0.0112669 -0.03407 0.999356 1.0427
0.564616 -0.824865 -0.0284049 138.668 0.825328 0.563993 0.0273017 91.6782 -0.00650011 -0.0388584 0.999224 1.0433
0.557729 -0.829646 -0.0249986 140.065 0.829673 0.556367 0.0458107 93.7769 -0.0240983 -0.0462906 0.998637 1.02509
0.55408 -0.832102 -0.0245208 140.521 0.832031 0.552603 0.0485264 94.4696 -0.0268286 -0.0472896 0.998521 1.00916
0.542354 -0.839774 -0.0251256 141.516 0.840149 0.542068 0.0176223 95.9998 -0.00117901 -0.0306668 0.999529 0.989628
0.538568 -0.842162 -0.0266029 141.82 0.842578 0.538205 0.0199199 96.5016 -0.00245796 -0.0331432 0.999448 0.998244
0.529389 -0.847915 -0.0280477 142.407 0.848376 0.529011 0.0201189 97.456 -0.00222153 -0.0344458 0.999404 0.994026
0.526032 -0.850155 -0.0229642 142.667 0.850417 0.525523 0.0248334 97.8835 -0.00904407 -0.0325923 0.999428 0.993805
0.512499 -0.858629 -0.0100699 143.683 0.858633 0.512299 0.0172768 99.5557 -0.00967552 -0.0175007 0.9998 0.975553
0.50973 -0.860305 -0.00717684 143.946 0.86025 0.509546 0.0182368 99.9992 -0.0120323 -0.0154697 0.999808 0.971442
0.502065 -0.864787 -0.00864204 144.523 0.864807 0.502099 -0.00221223 100.986 0.00625226 -0.00636302 0.99996 0.96754
0.497657 -0.867368 -0.00328277 144.914 0.867261 0.497649 -0.0142416 101.636 0.0139864 0.00424039 0.999893 0.973008
0.494774 -0.869021 0.00104073 145.181 0.868996 0.49475 -0.008272 102.101 0.00667363 0.00499716 0.999965 0.977705
0.489536 -0.871975 0.00381897 145.623 0.871945 0.489551 0.00726427 102.88 -0.00820384 -0.000226194 0.999966 0.970454
0.481195 -0.876611 0.00207817 146.458 0.876153 0.481018 0.0312681 104.417 -0.0284096 -0.0132253 0.999509 0.945554
0.476041 -0.879344 -0.0117677 147.265 0.879322 0.47574 0.0215534 105.945 -0.0133544 -0.0206079 0.999698 0.910314
0.471799 -0.881516 -0.0183171 148.068 0.881679 0.47152 0.0176361 107.479 -0.00690964 -0.0244705 0.999677 0.918405
0.469685 -0.882687 -0.0161224 148.579 0.8828 0.469429 0.017357 108.462 -0.00775241 -0.0223852 0.999719 0.926744
0.469562 -0.882752 -0.0161279 148.974 0.882851 0.469267 0.0190515 109.197 -0.00924944 -0.0231844 0.999688 0.925325
0.469345 -0.882905 -0.013954 149.209 0.882898 0.468967 0.0236903 109.652 -0.0143724 -0.0234389 0.999622 0.920233
0.467316 -0.883941 -0.0162469 149.711 0.884068 0.467095 0.0156752 110.598 -0.00626712 -0.0216886 0.999745 0.908197
0.466709 -0.884295 -0.0142951 150.009 0.88441 0.466626 0.00887551 111.161 -0.00117809 -0.016785 0.999858 0.907713
0.463479 -0.886102 -0.00317776 150.814 0.886086 0.46349 -0.00541927 112.682 0.00627489 -0.000304049 0.99998 0.937915
0.461543 -0.887118 0.000473844 151.626 0.887007 0.461493 0.015567 114.25 -0.0140284 -0.00676451 0.999879 0.954167
0.460756 -0.887525 0.00194815 152.03 0.887347 0.460705 0.0191182 115.051 -0.0178654 -0.00708012 0.999815 0.954432
0.460104 -0.887838 -0.00686945 152.794 0.887834 0.460009 0.0119157 116.574 -0.00741917 -0.0115814 0.999905 0.949489
0.459431 -0.888116 -0.0131376 153.56 0.888151 0.459174 0.0186225 118.081 -0.0105065 -0.020224 0.99974 0.954219
0.458318 -0.888538 -0.0210837 154.684 0.888705 0.457821 0.0245767 120.319 -0.0121847 -0.0300011 0.999476 0.951426
0.457569 -0.888815 -0.0252495 155.042 0.88915 0.457165 0.0202956 121.053 -0.00649582 -0.0317372 0.999475 0.965089
0.456717 -0.88912 -0.0295736 155.399 0.88961 0.456387 0.0174884 121.784 -0.00205231 -0.0342962 0.99941 0.97416
0.45539 -0.889792 -0.0298339 155.787 0.890278 0.45494 0.0208434 122.547 -0.00497363 -0.0360523 0.999337 0.971072
0.454948 -0.889965 -0.0313684 156.129 0.89051 0.454509 0.0203393 123.223 -0.00384409 -0.0371872 0.999301 0.972333
0.454803 -0.889981 -0.0329958 156.485 0.89059 0.454417 0.0188095 123.925 -0.00174627 -0.0379404 0.999278 0.983239
0.455037 -0.889789 -0.0348901 156.832 0.890472 0.454738 0.0165462 124.618 0.0011432 -0.0385978 0.999254 0.998707
0.455813 -0.889292 -0.0373452 157.199 0.89006 0.45565 0.0132554 125.346 0.00522845 -0.0392815 0.999214 1.00235
0.456889 -0.888596 -0.0406143 157.497 0.889474 0.456869 0.0103239 125.961 0.00938161 -0.0408422 0.999122 1.00824
0.458352 -0.887681 -0.0439984 157.82 0.888654 0.458532 0.00648633 126.607 0.0144169 -0.0420724 0.999011 1.01142
0.460406 -0.886384 -0.048465 158.159 0.887446 0.460911 0.000857777 127.282 0.0215777 -0.043405 0.998824 1.01797
0.462579 -0.885056 -0.051931 158.433 0.886191 0.463314 -0.00242093 127.836 0.026203 -0.0449009 0.998648 1.02406
0.465565 -0.883271 -0.0555193 158.736 0.884481 0.466545 -0.00543608 128.44 0.0307037 -0.0465749 0.998443 1.0306
0.469484 -0.880948 -0.0592838 159.066 0.882157 0.470838 -0.010549 129.07 0.0372062 -0.047345 0.998185 1.0389
0.473562 -0.878613 -0.0614616 159.364 0.87977 0.475185 -0.0143002 129.623 0.04177 -0.0473 0.998007 1.05002
0.478186 -0.875934 -0.0638636 159.657 0.877093 0.480032 -0.0166392 130.17 0.0452314 -0.0480577 0.99782 1.05792
0.48277 -0.873362 -0.064593 159.921 0.874558 0.484643 -0.0163851 130.658 0.0456147 -0.0485801 0.997777 1.06213
0.488501 -0.870074 -0.0658652 160.229 0.871323 0.490438 -0.0163266 131.219 0.0465081 -0.0494144 0.997695 1.06782
0.503036 -0.861217 -0.0725286 160.95 0.862518 0.505582 -0.0212087 132.491 0.0549345 -0.0518885 0.997141 1.11447
0.507261 -0.859448 -0.0635247 161.164 0.860769 0.508871 -0.0112301 132.861 0.0419776 -0.0489835 0.997917 1.11414
0.52477 -0.850639 -0.0320848 162.533 0.851128 0.524948 0.00326313 135.043 0.0140671 -0.0290206 0.99948 1.13692
0.525606 -0.850281 -0.0275861 162.899 0.850703 0.525563 0.00937718 135.618 0.006525 -0.0283963 0.999575 1.12286
0.525393 -0.850518 -0.0241137 163.254 0.850859 0.525164 0.01554 136.196 -0.000553404 -0.0286819 0.999588 1.11609
0.525413 -0.850524 -0.023441 163.958 0.850803 0.524903 0.0247297 137.344 -0.00872897 -0.032937 0.999419 1.09611
0.524599 -0.850581 -0.0361654 164.369 0.851346 0.524245 0.0194205 138.016 0.00244078 -0.0409772 0.999157 1.07907
0.523556 -0.851084 -0.0393053 164.639 0.851966 0.523341 0.0164011 138.457 0.00661136 -0.0420737 0.999093 1.07463
0.521095 -0.852584 -0.0394881 164.987 0.853396 0.521191 0.00866037 139.025 0.0131971 -0.0382119 0.999182 1.08748
0.517916 -0.854666 -0.0361717 165.328 0.85534 0.518015 0.00732035 139.607 0.012481 -0.0347304 0.999319 1.10324
0.513029 -0.857554 -0.0374516 165.665 0.858365 0.5127 0.0186354 140.202 0.00322054 -0.0417076 0.999125 1.1133
0.509729 -0.859746 -0.031826 166.015 0.860249 0.508807 0.0329695 140.808 -0.0121522 -0.0441838 0.99895 1.11864
0.506409 -0.862066 -0.0198079 166.375 0.861842 0.505266 0.0439881 141.42 -0.0279124 -0.0393472 0.998836 1.11761
0.500315 -0.865663 -0.0176678 167.112 0.865399 0.499299 0.0422606 142.713 -0.0277619 -0.0364333 0.99895 1.07338
0.497809 -0.867 -0.0222985 167.409 0.866985 0.496793 0.0391553 143.247 -0.0228699 -0.0388243 0.998984 1.05885
0.493606 -0.869545 -0.0156526 168.117 0.869575 0.493175 0.0248529 144.478 -0.0138912 -0.0258786 0.999569 1.04583
0.492918 -0.870061 -0.0051117 168.481 0.869894 0.492687 0.023323 145.095 -0.0177739 -0.015943 0.999715 1.04526
0.489883 -0.871786 0.00192691 169.294 0.87172 0.489871 0.0114683 146.493 -0.0109419 -0.00393841 0.999932 1.02603
0.489791 -0.871828 0.00453988 169.511 0.871786 0.489812 0.00851939 146.865 -0.00965113 -0.000214921 0.999953 1.02381
0.489072 -0.872185 0.0101297 169.868 0.872213 0.489119 0.00262702 147.484 -0.00724587 0.00755046 0.999945 1.01963
0.487024 -0.873108 0.0221422 170.893 0.873272 0.487216 0.00396641 149.306 -0.0142511 0.0174044 0.999747 1.01257
0.485948 -0.873754 0.0201998 171.645 0.873987 0.485849 -0.00988205 150.636 -0.00117957 0.0224565 0.999747 0.989019
0.486423 -0.8735 0.0197771 171.869 0.873722 0.486259 -0.0127107 151.045 0.00148604 0.0234625 0.999724 0.982875
0.486605 -0.873455 0.0170526 172.201 0.873589 0.486326 -0.0181238 151.652 0.00753717 0.0237161 0.99969 0.987751
0.486853 -0.873375 0.0137454 172.526 0.873434 0.486597 -0.0183461 152.248 0.00933451 0.0209376 0.999737 0.994098
0.486813 -0.873299 0.019022 173.157 0.873504 0.486742 -0.00849065 153.397 -0.00184392 0.0207491 0.999783 0.995579
0.486601 -0.873293 0.0240633 173.463 0.873575 0.486682 -0.00275403 153.956 -0.0093061 0.0223612 0.999707 0.985813
0.486323 -0.8734 0.0257248 173.765 0.873664 0.486526 0.00189933 154.5 -0.0141747 0.0215512 0.999667 0.974073
0.485154 -0.873992 0.0276413 174.061 0.874245 0.485457 0.0051334 155.027 -0.0179052 0.0216748 0.999605 0.957984
0.482207 -0.875456 0.0324562 174.347 0.875824 0.482602 0.00518031 155.542 -0.0201985 0.0259279 0.99946 0.940562
0.47695 -0.87815 0.0370249 174.619 0.87872 0.477335 0.00179846 156.036 -0.0192526 0.0316767 0.999313 0.930197
0.465604 -0.884205 0.0373357 174.937 0.884931 0.465655 -0.00783142 156.634 -0.010461 0.0366859 0.999272 0.922196
0.458779 -0.887801 0.0364844 175.082 0.888516 0.458737 -0.0100212 156.925 -0.00783994 0.0370145 0.999284 0.921314
0.445052 -0.894823 0.034932 175.295 0.895497 0.444872 -0.0131927 157.371 -0.00373509 0.0371529 0.999303 0.917488
0.427329 -0.903389 0.03575 175.494 0.904095 0.427059 -0.0152695 157.808 -0.00147309 0.0388465 0.999244 0.918861
0.405932 -0.913174 0.0364992 175.669 0.913901 0.405691 -0.0141103 158.24 -0.00192222 0.0390845 0.999234 0.926511
0.339615 -0.939863 0.0363191 176.017 0.940565 0.33935 -0.0134118 159.257 0.000280378 0.0387153 0.99925 0.939813
0.320726 -0.946482 0.0361381 176.086 0.947168 0.320607 -0.00920049 159.541 -0.00287804 0.0371797 0.999304 0.947922
0.283782 -0.958322 0.0329524 176.198 0.958878 0.283778 -0.0048884 160.031 -0.00466652 0.0329846 0.999445 0.952319
0.24206 -0.969822 0.0291876 176.286 0.970255 0.242059 -0.00361795 160.503 -0.00355635 0.0291952 0.999567 0.953013
0.196161 -0.980252 0.0250253 176.347 0.980567 0.196172 -0.00206393 160.963 -0.00288609 0.0249439 0.999685 0.953688
0.146758 -0.988999 0.0185362 176.381 0.989169 0.146779 -0.000238656 161.418 -0.00248469 0.0183704 0.999828 0.95673
0.0940773 -0.995535 0.00775446 176.385 0.99556 0.0940975 0.00227771 161.871 -0.00299722 0.00750575 0.999967 0.961687
0.0387313 -0.999235 -0.00535138 176.359 0.999236 0.0387016 0.00553373 162.323 -0.0053224 -0.00556162 0.99997 0.966636
-0.0187767 -0.99968 -0.0169648 176.302 0.999781 -0.0189294 0.00888566 162.773 -0.00920395 -0.0167942 0.999817 0.968289
-0.0783262 -0.996588 -0.0260416 176.22 0.99684 -0.0786401 0.0112565 163.215 -0.013266 -0.0250776 0.999597 0.966829
-0.138294 -0.989849 -0.0327556 176.113 0.990199 -0.138844 0.0151407 163.65 -0.0195349 -0.0303407 0.999349 0.965195
-0.197265 -0.979576 -0.0389597 175.981 0.979886 -0.198239 0.0229026 164.076 -0.0301582 -0.0336582 0.998978 0.964289
-0.254568 -0.965905 -0.0471369 175.823 0.966116 -0.256166 0.0316046 164.488 -0.0426019 -0.0374942 0.998388 0.960588
-0.310621 -0.948885 -0.0559719 175.64 0.949084 -0.312859 0.0368474 164.886 -0.0524753 -0.0416765 0.997752 0.948774
-0.365126 -0.928971 -0.0607986 175.438 0.929122 -0.367727 0.0388394 165.268 -0.058438 -0.0423081 0.997394 0.937254
-0.468868 -0.880895 -0.0647072 174.981 0.880893 -0.471719 0.0388357 166 -0.0647338 -0.0387913 0.997148 0.908621
-0.520319 -0.851938 -0.0589112 174.731 0.851713 -0.522721 0.0367177 166.343 -0.0620753 -0.0310706 0.997588 0.886815
-0.570093 -0.820087 -0.0494963 174.469 0.819648 -0.571849 0.034148 166.68 -0.0563088 -0.021102 0.99819 0.863448
-0.617918 -0.785231 -0.0398581 174.19 0.784748 -0.619075 0.0302679 167.011 -0.0484425 -0.0125754 0.998747 0.836896
-0.662252 -0.74856 -0.0328661 173.89 0.748146 -0.663025 0.0259738 167.331 -0.041234 -0.00738742 0.999122 0.808786
-0.702256 -0.711315 -0.0294554 173.567 0.711016 -0.702849 0.021459 167.635 -0.0359668 -0.00587357 0.999336 0.782142
-0.738253 -0.673958 -0.0276157 173.222 0.673739 -0.73875 0.0180007 167.919 -0.0325328 -0.00531665 0.999456 0.757006
-0.770118 -0.637354 -0.0264088 172.835 0.637177 -0.770557 0.0157476 168.193 -0.0303862 -0.0046996 0.999527 0.731616
-0.798018 -0.602112 -0.025066 172.42 0.601977 -0.7984 0.0134553 168.462 -0.0281143 -0.00435157 0.999595 0.7041
-0.821584 -0.569651 -0.022322 172.002 0.569539 -0.821881 0.0116915 168.726 -0.0250061 -0.00310771 0.999682 0.677597
-0.844314 -0.535655 -0.0144301 171.513 0.53561 -0.844435 0.00715498 169.02 -0.0160179 -0.00168783 0.99987 0.647652
-0.855915 -0.517009 -0.0105263 171.169 0.516965 -0.85598 0.00670998 169.232 -0.0124794 0.000301441 0.999922 0.622893
-0.868051 -0.496423 -0.00724672 170.716 0.496382 -0.868078 0.00675968 169.5 -0.00964638 0.0022706 0.999951 0.5948
-0.87797 -0.478694 -0.00457863 170.251 0.478663 -0.877975 0.00643291 169.767 -0.00709932 0.00345627 0.999969 0.570996
-0.885798 -0.464065 -0.00206416 169.779 0.464051 -0.885794 0.00516511 170.026 -0.00422537 0.00361737 0.999985 0.550209
-0.891089 -0.453828 0.000542447 169.299 0.453827 -0.891086 0.00260709 170.285 -0.000699805 0.00256932 0.999996 0.531427
-0.894516 -0.447022 0.0034966 168.805 0.447027 -0.89452 0.000915146 170.554 0.00271869 0.00238169 0.999993 0.523171
-0.896462 -0.443084 0.00575454 168.293 0.443092 -0.896476 8.28202e-05 170.821 0.00512211 0.00262403 0.999983 0.515115
-0.897353 -0.441269 0.00619265 167.763 0.441278 -0.89737 3.57423e-05 171.091 0.00554132 0.00276475 0.999981 0.505414
-0.897615 -0.440736 0.00617742 167.214 0.440751 -0.897628 0.00131706 171.374 0.00496456 0.00390492 0.99998 0.49415
-0.897437 -0.441106 0.00562347 166.644 0.441126 -0.897441 0.00286733 171.666 0.00378194 0.0050539 0.99998 0.482236
-0.89682 -0.442372 0.00446829 166.052 0.442391 -0.896809 0.00488697 171.969 0.00184534 0.00635947 0.999978 0.466254
-0.89605 -0.44393 0.0044572 165.442 0.443952 -0.896024 0.00692298 172.285 0.000920434 0.00818212 0.999966 0.450041
-0.895269 -0.445473 0.00685333 164.814 0.445522 -0.89522 0.00954966 172.611 0.00188112 0.0116028 0.999931 0.433941
-0.894286 -0.447408 0.00883895 164.17 0.447488 -0.894211 0.0119128 172.951 0.00257398 0.0146088 0.99989 0.418489
-0.893347 -0.449279 0.00889615 163.499 0.449364 -0.893238 0.0140936 173.305 0.00161442 0.0165881 0.999861 0.399897
-0.892363 -0.451249 0.00788461 162.806 0.451318 -0.892228 0.015535 173.674 2.46894e-05 0.0174214 0.999848 0.379266
-0.891278 -0.453408 0.00674156 162.095 0.453451 -0.891084 0.0187633 174.056 -0.00250012 0.0197802 0.999801 0.358779
-0.890221 -0.455487 0.00625969 161.367 0.455504 -0.88994 0.0228733 174.448 -0.00484774 0.0232136 0.999719 0.337951
-0.889037 -0.45778 0.00711322 160.624 0.457794 -0.888638 0.0273551 174.85 -0.00620155 0.0275761 0.9996 0.317245
-0.887892 -0.459981 0.00807308 159.87 0.459999 -0.887387 0.0307344 175.259 -0.00697328 0.0310024 0.999495 0.296904
-0.886922 -0.46186 0.00742776 159.1 0.461834 -0.886331 0.033568 175.674 -0.00892028 0.0332026 0.999409 0.277776
-0.886113 -0.46344 0.00517517 158.319 0.463303 -0.885439 0.0367198 176.089 -0.0124351 0.0349355 0.999312 0.259291
-0.885386 -0.464854 0.00135865 157.531 0.464513 -0.884619 0.0409562 176.514 -0.0178368 0.0368932 0.99916 0.238041
-0.884681 -0.466196 -0.000521222 156.743 0.465708 -0.883805 0.04476 176.944 -0.0213276 0.0393556 0.998998 0.213315
