0.703344 -0.706867 -0.0751417 2.13846 0.692025 0.705047 -0.15495 2.80539 0.162508 0.0569832 0.985061 0.996712
0.699251 -0.711304 -0.071379 2.1252 0.696697 0.700437 -0.154925 2.82325 0.160195 0.0586016 0.985344 0.999833
0.697191 -0.71351 -0.0694854 2.11853 0.699028 0.698122 -0.154873 2.83215 0.159013 0.0594038 0.985488 0.999913
0.695129 -0.715701 -0.0675906 2.11185 0.701348 0.695808 -0.154796 2.841 0.157817 0.0601984 0.985632 0.999008
0.693055 -0.717886 -0.0656852 2.10514 0.70367 0.693484 -0.154692 2.84984 0.156603 0.0609894 0.985777 0.997114
0.690979 -0.720056 -0.06378 2.09842 0.705979 0.691161 -0.154563 2.85863 0.155376 0.0617725 0.985922 0.994241
0.690979 -0.720056 -0.06378 2.09842 0.705979 0.691161 -0.154563 2.85863 0.155376 0.0617725 0.985922 0.994241
0.690979 -0.720056 -0.06378 2.09842 0.705979 0.691161 -0.154563 2.85863 0.155376 0.0617725 0.985922 0.994241
0.690979 -0.720056 -0.06378 2.09842 0.705979 0.691161 -0.154563 2.85863 0.155376 0.0617725 0.985922 0.994241
0.682594 -0.728641 -0.0561031 2.07131 0.715174 0.681818 -0.153786 2.89357 0.150307 0.0648499 0.98651 0.972968
0.682594 -0.728641 -0.0561031 2.07131 0.715174 0.681818 -0.153786 2.89357 0.150307 0.0648499 0.98651 0.972968
0.682594 -0.728641 -0.0561031 2.07131 0.715174 0.681818 -0.153786 2.89357 0.150307 0.0648499 0.98651 0.972968
0.682594 -0.728641 -0.0561031 2.07131 0.715174 0.681818 -0.153786 2.89357 0.150307 0.0648499 0.98651 0.972968
0.674093 -0.737061 -0.0483698 2.04388 0.724276 0.672413 -0.152593 2.92805 0.144995 0.0678285 0.987105 0.936348
0.674093 -0.737061 -0.0483698 2.04388 0.724276 0.672413 -0.152593 2.92805 0.144995 0.0678285 0.987105 0.936348
0.674093 -0.737061 -0.0483698 2.04388 0.724276 0.672413 -0.152593 2.92805 0.144995 0.0678285 0.987105 0.936348
0.674093 -0.737061 -0.0483698 2.04388 0.724276 0.672413 -0.152593 2.92805 0.144995 0.0678285 0.987105 0.936348
0.674093 -0.737061 -0.0483698 2.04388 0.724276 0.672413 -0.152593 2.92805 0.144995 0.0678285 0.987105 0.936348
0.665474 -0.745316 -0.0406028 2.01612 0.733279 0.662952 -0.150984 2.96206 0.139448 0.0707027 0.987702 0.884966
0.665474 -0.745316 -0.0406028 2.01612 0.733279 0.662952 -0.150984 2.96206 0.139448 0.0707027 0.987702 0.884966
0.665474 -0.745316 -0.0406028 2.01612 0.733279 0.662952 -0.150984 2.96206 0.139448 0.0707027 0.987702 0.884966
0.665474 -0.745316 -0.0406028 2.01612 0.733279 0.662952 -0.150984 2.96206 0.139448 0.0707027 0.987702 0.884966
0.654525 -0.75541 -0.0308727 1.98096 0.744394 0.651044 -0.14839 3.00394 0.132195 0.0741433 0.988447 0.801179
0.654525 -0.75541 -0.0308727 1.98096 0.744394 0.651044 -0.14839 3.00394 0.132195 0.0741433 0.988447 0.801179
0.654525 -0.75541 -0.0308727 1.98096 0.744394 0.651044 -0.14839 3.00394 0.132195 0.0741433 0.988447 0.801179
0.654525 -0.75541 -0.0308727 1.98096 0.744394 0.651044 -0.14839 3.00394 0.132195 0.0741433 0.988447 0.801179
0.654525 -0.75541 -0.0308727 1.98096 0.744394 0.651044 -0.14839 3.00394 0.132195 0.0741433 0.988447 0.801179
0.643394 -0.765242 -0.0211737 1.94535 0.755325 0.639072 -0.145157 3.04503 0.124612 0.0774004 0.989182 0.697755
0.643394 -0.765242 -0.0211737 1.94535 0.755325 0.639072 -0.145157 3.04503 0.124612 0.0774004 0.989182 0.697755
0.643394 -0.765242 -0.0211737 1.94535 0.755325 0.639072 -0.145157 3.04503 0.124612 0.0774004 0.989182 0.697755
0.643394 -0.765242 -0.0211737 1.94535 0.755325 0.639072 -0.145157 3.04503 0.124612 0.0774004 0.989182 0.697755
0.634344 -0.772934 -0.0134541 1.91649 0.763943 0.629439 -0.142115 3.07739 0.118314 0.0798714 0.989759 0.602471
0.63206 -0.774834 -0.0115316 1.90923 0.766081 0.627023 -0.141291 3.08541 0.116707 0.0804701 0.989901 0.577084
0.629771 -0.776721 -0.00961575 1.90195 0.768207 0.624607 -0.140443 3.09338 0.115091 0.0810601 0.990042 0.551162
0.629771 -0.776721 -0.00961575 1.90195 0.768207 0.624607 -0.140443 3.09338 0.115091 0.0810601 0.990042 0.551162
0.629771 -0.776721 -0.00961575 1.90195 0.768207 0.624607 -0.140443 3.09338 0.115091 0.0810601 0.990042 0.551162
0.629771 -0.776721 -0.00961575 1.90195 0.768207 0.624607 -0.140443 3.09338 0.115091 0.0810601 0.990042 0.551162
0.620531 -0.784179 -0.00199687 1.87265 0.776639 0.614912 -0.136804 3.12501 0.108507 0.0833406 0.990596 0.442244
0.620531 -0.784179 -0.00199687 1.87265 0.776639 0.614912 -0.136804 3.12501 0.108507 0.0833406 0.990596 0.442244
0.620531 -0.784179 -0.00199687 1.87265 0.776639 0.614912 -0.136804 3.12501 0.108507 0.0833406 0.990596 0.442244
0.620531 -0.784179 -0.00199687 1.87265 0.776639 0.614912 -0.136804 3.12501 0.108507 0.0833406 0.990596 0.442244
0.620531 -0.784179 -0.00199687 1.87265 0.776639 0.614912 -0.136804 3.12501 0.108507 0.0833406 0.990596 0.442244
0.611158 -0.791489 0.0055324 1.84304 0.784942 0.605175 -0.132776 3.15615 0.101742 0.0854895 0.991131 0.326301
0.611158 -0.791489 0.0055324 1.84304 0.784942 0.605175 -0.132776 3.15615 0.101742 0.0854895 0.991131 0.326301
0.611158 -0.791489 0.0055324 1.84304 0.784942 0.605175 -0.132776 3.15615 0.101742 0.0854895 0.991131 0.326301
0.611158 -0.791489 0.0055324 1.84304 0.784942 0.605175 -0.132776 3.15615 0.101742 0.0854895 0.991131 0.326301
0.599269 -0.800412 0.014776 1.80564 0.795121 0.592959 -0.12721 3.19434 0.0930584 0.0879814 0.991766 0.174456
0.599269 -0.800412 0.014776 1.80564 0.795121 0.592959 -0.12721 3.19434 0.0930584 0.0879814 0.991766 0.174456
0.599269 -0.800412 0.014776 1.80564 0.795121 0.592959 -0.12721 3.19434 0.0930584 0.0879814 0.991766 0.174456
0.599269 -0.800412 0.014776 1.80564 0.795121 0.592959 -0.12721 3.19434 0.0930584 0.0879814 0.991766 0.174456
0.589605 -0.807391 0.0220216 1.77538 0.803107 0.58314 -0.122339 3.22436 0.0859337 0.0898174 0.992244 0.0496278
0.58717 -0.809113 0.0238083 1.76778 0.805079 0.580681 -0.121065 3.23178 0.0841306 0.0902537 0.992359 0.0182332
0.58472 -0.810831 0.0255899 1.76013 0.807048 0.578212 -0.119766 3.23918 0.0823137 0.090682 0.992472 -0.0132682
0.58472 -0.810831 0.0255899 1.76013 0.807048 0.578212 -0.119766 3.23918 0.0823137 0.090682 0.992472 -0.0132682
0.58472 -0.810831 0.0255899 1.76013 0.807048 0.578212 -0.119766 3.23918 0.0823137 0.090682 0.992472 -0.0132682
0.58472 -0.810831 0.0255899 1.76013 0.807048 0.578212 -0.119766 3.23918 0.0823137 0.090682 0.992472 -0.0132682
0.574873 -0.817593 0.0325839 1.72949 0.814799 0.568351 -0.114369 3.2684 0.0749886 0.0922973 0.992904 -0.138394
0.574873 -0.817593 0.0325839 1.72949 0.814799 0.568351 -0.114369 3.2684 0.0749886 0.0922973 0.992904 -0.138394
0.574873 -0.817593 0.0325839 1.72949 0.814799 0.568351 -0.114369 3.2684 0.0749886 0.0922973 0.992904 -0.138394
0.574873 -0.817593 0.0325839 1.72949 0.814799 0.568351 -0.114369 3.2684 0.0749886 0.0922973 0.992904 -0.138394
0.56489 -0.824225 0.0393974 1.69855 0.822398 0.558445 -0.108629 3.29712 0.0675336 0.0937639 0.993301 -0.261442
0.56489 -0.824225 0.0393974 1.69855 0.822398 0.558445 -0.108629 3.29712 0.0675336 0.0937639 0.993301 -0.261442
0.56489 -0.824225 0.0393974 1.69855 0.822398 0.558445 -0.108629 3.29712 0.0675336 0.0937639 0.993301 -0.261442
0.56489 -0.824225 0.0393974 1.69855 0.822398 0.558445 -0.108629 3.29712 0.0675336 0.0937639 0.993301 -0.261442
0.56489 -0.824225 0.0393974 1.69855 0.822398 0.558445 -0.108629 3.29712 0.0675336 0.0937639 0.993301 -0.261442
0.552226 -0.832333 0.0476279 1.65948 0.831671 0.546007 -0.100994 3.3323 0.0580554 0.0953822 0.993746 -0.409287
0.552226 -0.832333 0.0476279 1.65948 0.831671 0.546007 -0.100994 3.3323 0.0580554 0.0953822 0.993746 -0.409287
0.552226 -0.832333 0.0476279 1.65948 0.831671 0.546007 -0.100994 3.3323 0.0580554 0.0953822 0.993746 -0.409287
0.552226 -0.832333 0.0476279 1.65948 0.831671 0.546007 -0.100994 3.3323 0.0580554 0.0953822 0.993746 -0.409287
0.552226 -0.832333 0.0476279 1.65948 0.831671 0.546007 -0.100994 3.3323 0.0580554 0.0953822 0.993746 -0.409287
0.539378 -0.840233 0.055497 1.62004 0.84067 0.533523 -0.0928853 3.36663 0.0484364 0.0967549 0.994129 -0.546915
0.539378 -0.840233 0.055497 1.62004 0.84067 0.533523 -0.0928853 3.36663 0.0484364 0.0967549 0.994129 -0.546915
0.539378 -0.840233 0.055497 1.62004 0.84067 0.533523 -0.0928853 3.36663 0.0484364 0.0967549 0.994129 -0.546915
0.539378 -0.840233 0.055497 1.62004 0.84067 0.533523 -0.0928853 3.36663 0.0484364 0.0967549 0.994129 -0.546915
0.528959 -0.846415 0.0615169 1.58819 0.847673 0.52349 -0.0860715 3.3935 0.0406487 0.0976745 0.994388 -0.647494
0.526329 -0.847945 0.0629848 1.58017 0.8494 0.52097 -0.0843207 3.40015 0.0386862 0.0978798 0.994446 -0.671158
0.5237 -0.849462 0.0644314 1.57216 0.85111 0.518454 -0.0825588 3.40674 0.0367259 0.0980743 0.994501 -0.694084
0.5237 -0.849462 0.0644314 1.57216 0.85111 0.518454 -0.0825588 3.40674 0.0367259 0.0980743 0.994501 -0.694084
0.5237 -0.849462 0.0644314 1.57216 0.85111 0.518454 -0.0825588 3.40674 0.0367259 0.0980743 0.994501 -0.694084
0.5237 -0.849462 0.0644314 1.57216 0.85111 0.518454 -0.0825588 3.40674 0.0367259 0.0980743 0.994501 -0.694084
0.513089 -0.855471 0.0700576 1.53991 0.857851 0.508347 -0.075335 3.43283 0.0288334 0.0987526 0.994694 -0.778892
0.513089 -0.855471 0.0700576 1.53991 0.857851 0.508347 -0.075335 3.43283 0.0288334 0.0987526 0.994694 -0.778892
0.513089 -0.855471 0.0700576 1.53991 0.857851 0.508347 -0.075335 3.43283 0.0288334 0.0987526 0.994694 -0.778892
0.513089 -0.855471 0.0700576 1.53991 0.857851 0.508347 -0.075335 3.43283 0.0288334 0.0987526 0.994694 -0.778892
0.502377 -0.861356 0.0753908 1.50746 0.864396 0.498209 -0.0678756 3.45834 0.0209047 0.0992666 0.994841 -0.851303
0.502377 -0.861356 0.0753908 1.50746 0.864396 0.498209 -0.0678756 3.45834 0.0209047 0.0992666 0.994841 -0.851303
0.502377 -0.861356 0.0753908 1.50746 0.864396 0.498209 -0.0678756 3.45834 0.0209047 0.0992666 0.994841 -0.851303
0.502377 -0.861356 0.0753908 1.50746 0.864396 0.498209 -0.0678756 3.45834 0.0209047 0.0992666 0.994841 -0.851303
0.502377 -0.861356 0.0753908 1.50746 0.864396 0.498209 -0.0678756 3.45834 0.0209047 0.0992666 0.994841 -0.851303
0.488806 -0.868564 0.0816451 1.4665 0.872324 0.485449 -0.0582188 3.48951 0.0109322 0.0996787 0.99496 -0.922939
0.488806 -0.868564 0.0816451 1.4665 0.872324 0.485449 -0.0582188 3.48951 0.0109322 0.0996787 0.99496 -0.922939
0.488806 -0.868564 0.0816451 1.4665 0.872324 0.485449 -0.0582188 3.48951 0.0109322 0.0996787 0.99496 -0.922939
0.488806 -0.868564 0.0816451 1.4665 0.872324 0.485449 -0.0582188 3.48951 0.0109322 0.0996787 0.99496 -0.922939
0.477841 -0.874198 0.0862887 1.43353 0.878441 0.475199 -0.0502733 3.51378 0.00294458 0.0998222 0.995001 -0.96388
0.475073 -0.875595 0.0874033 1.42522 0.879946 0.472618 -0.0482497 3.51978 0.000938869 0.0998323 0.995004 -0.971791
0.472309 -0.87698 0.088493 1.41693 0.881432 0.470043 -0.0462226 3.52573 -0.00105926 0.099832 0.995004 -0.978714
0.472309 -0.87698 0.088493 1.41693 0.881432 0.470043 -0.0462226 3.52573 -0.00105926 0.099832 0.995004 -0.978714
0.472309 -0.87698 0.088493 1.41693 0.881432 0.470043 -0.0462226 3.52573 -0.00105926 0.099832 0.995004 -0.978714
0.472309 -0.87698 0.088493 1.41693 0.881432 0.470043 -0.0462226 3.52573 -0.00105926 0.099832 0.995004 -0.978714
0.461174 -0.882459 0.0926481 1.38358 0.887263 0.459696 -0.0379985 3.5492 -0.00905775 0.0997272 0.994974 -0.996721
0.461174 -0.882459 0.0926481 1.38358 0.887263 0.459696 -0.0379985 3.5492 -0.00905775 0.0997272 0.994974 -0.996721
0.461174 -0.882459 0.0926481 1.38358 0.887263 0.459696 -0.0379985 3.5492 -0.00905775 0.0997272 0.994974 -0.996721
0.461174 -0.882459 0.0926481 1.38358 0.887263 0.459696 -0.0379985 3.5492 -0.00905775 0.0997272 0.994974 -0.996721
0.449942 -0.887833 0.0964602 1.35002 0.892895 0.44929 -0.0296223 3.5721 -0.0170389 0.0994572 0.994896 -0.999003
0.449942 -0.887833 0.0964602 1.35002 0.892895 0.44929 -0.0296223 3.5721 -0.0170389 0.0994572 0.994896 -0.999003
0.449942 -0.887833 0.0964602 1.35002 0.892895 0.44929 -0.0296223 3.5721 -0.0170389 0.0994572 0.994896 -0.999003
0.449942 -0.887833 0.0964602 1.35002 0.892895 0.44929 -0.0296223 3.5721 -0.0170389 0.0994572 0.994896 -0.999003
0.449942 -0.887833 0.0964602 1.35002 0.892895 0.44929 -0.0296223 3.5721 -0.0170389 0.0994572 0.994896 -0.999003
0.438618 -0.893101 0.0999203 1.31627 0.898326 0.438822 -0.0211154 3.59443 -0.024989 0.0990226 0.994771 -0.985541
0.438618 -0.893101 0.0999203 1.31627 0.898326 0.438822 -0.0211154 3.59443 -0.024989 0.0990226 0.994771 -0.985541
0.438618 -0.893101 0.0999203 1.31627 0.898326 0.438822 -0.0211154 3.59443 -0.024989 0.0990226 0.994771 -0.985541
0.438618 -0.893101 0.0999203 1.31627 0.898326 0.438822 -0.0211154 3.59443 -0.024989 0.0990226 0.994771 -0.985541
0.424327 -0.899547 0.103742 1.27376 0.904837 0.425633 -0.0103211 3.62155 -0.0348715 0.0982488 0.994551 -0.946898
0.424327 -0.899547 0.103742 1.27376 0.904837 0.425633 -0.0103211 3.62155 -0.0348715 0.0982488 0.994551 -0.946898
0.424327 -0.899547 0.103742 1.27376 0.904837 0.425633 -0.0103211 3.62155 -0.0348715 0.0982488 0.994551 -0.946898
0.424327 -0.899547 0.103742 1.27376 0.904837 0.425633 -0.0103211 3.62155 -0.0348715 0.0982488 0.994551 -0.946898
0.412802 -0.904587 0.106384 1.23954 0.909819 0.415002 -0.00159151 3.6426 -0.0427101 0.0974475 0.994324 -0.899152
0.409901 -0.905834 0.106988 1.23093 0.911036 0.412327 0.000606472 3.64778 -0.0446635 0.0972215 0.99426 -0.884935
0.406997 -0.907074 0.107568 1.22232 0.912239 0.409648 0.00280693 3.65293 -0.0466112 0.0969856 0.994194 -0.86985
0.406997 -0.907074 0.107568 1.22232 0.912239 0.409648 0.00280693 3.65293 -0.0466112 0.0969856 0.994194 -0.86985
0.406997 -0.907074 0.107568 1.22232 0.912239 0.409648 0.00280693 3.65293 -0.0466112 0.0969856 0.994194 -0.86985
0.406997 -0.907074 0.107568 1.22232 0.912239 0.409648 0.00280693 3.65293 -0.0466112 0.0969856 0.994194 -0.86985
0.395348 -0.911963 0.109649 1.1878 0.916923 0.398896 0.0116256 3.67312 -0.0543408 0.0959439 0.993902 -0.801168
0.395348 -0.911963 0.109649 1.1878 0.916923 0.398896 0.0116256 3.67312 -0.0543408 0.0959439 0.993902 -0.801168
0.395348 -0.911963 0.109649 1.1878 0.916923 0.398896 0.0116256 3.67312 -0.0543408 0.0959439 0.993902 -0.801168
0.395348 -0.911963 0.109649 1.1878 0.916923 0.398896 0.0116256 3.67312 -0.0543408 0.0959439 0.993902 -0.801168
0.38363 -0.916749 0.11135 1.15311 0.921405 0.388065 0.0204703 3.69272 -0.061977 0.0947453 0.99357 -0.719893
0.38363 -0.916749 0.11135 1.15311 0.921405 0.388065 0.0204703 3.69272 -0.061977 0.0947453 0.99357 -0.719893
0.38363 -0.916749 0.11135 1.15311 0.921405 0.388065 0.0204703 3.69272 -0.061977 0.0947453 0.99357 -0.719893
0.38363 -0.916749 0.11135 1.15311 0.921405 0.388065 0.0204703 3.69272 -0.061977 0.0947453 0.99357 -0.719893
0.38363 -0.916749 0.11135 1.15311 0.921405 0.388065 0.0204703 3.69272 -0.061977 0.0947453 0.99357 -0.719893
0.368868 -0.922595 0.112938 1.10943 0.926736 0.374386 0.0315469 3.71643 -0.0713875 0.0930275 0.993101 -0.602371
0.368868 -0.922595 0.112938 1.10943 0.926736 0.374386 0.0315469 3.71643 -0.0713875 0.0930275 0.993101 -0.602371
0.368868 -0.922595 0.112938 1.10943 0.926736 0.374386 0.0315469 3.71643 -0.0713875 0.0930275 0.993101 -0.602371
0.368868 -0.922595 0.112938 1.10943 0.926736 0.374386 0.0315469 3.71643 -0.0713875 0.0930275 0.993101 -0.602371
0.356997 -0.927151 0.113775 1.07433 0.930778 0.363349 0.0403793 3.73472 -0.0787777 0.0914838 0.992686 -0.497607
0.354022 -0.928272 0.113924 1.06553 0.931757 0.360577 0.0425802 3.7392 -0.0806042 0.0910749 0.992577 -0.47014
0.351041 -0.929389 0.114048 1.05672 0.932725 0.357796 0.0447797 3.74364 -0.0824239 0.0906563 0.992465 -0.442188
0.351041 -0.929389 0.114048 1.05672 0.932725 0.357796 0.0447797 3.74364 -0.0824239 0.0906563 0.992465 -0.442188
0.351041 -0.929389 0.114048 1.05672 0.932725 0.357796 0.0447797 3.74364 -0.0824239 0.0906563 0.992465 -0.442188
0.351041 -0.929389 0.114048 1.05672 0.932725 0.357796 0.0447797 3.74364 -0.0824239 0.0906563 0.992465 -0.442188
0.339077 -0.933788 0.114307 1.02134 0.93648 0.346609 0.0535442 3.76105 -0.0896188 0.0888904 0.992001 -0.326249
0.339077 -0.933788 0.114307 1.02134 0.93648 0.346609 0.0535442 3.76105 -0.0896188 0.0888904 0.992001 -0.326249
0.339077 -0.933788 0.114307 1.02134 0.93648 0.346609 0.0535442 3.76105 -0.0896188 0.0888904 0.992001 -0.326249
0.339077 -0.933788 0.114307 1.02134 0.93648 0.346609 0.0535442 3.76105 -0.0896188 0.0888904 0.992001 -0.326249
0.327075 -0.938075 0.114181 0.985842 0.940042 0.335335 0.0622228 3.77786 -0.0966584 0.0869833 0.991509 -0.205296
0.327075 -0.938075 0.114181 0.985842 0.940042 0.335335 0.0622228 3.77786 -0.0966584 0.0869833 0.991509 -0.205296
0.327075 -0.938075 0.114181 0.985842 0.940042 0.335335 0.0622228 3.77786 -0.0966584 0.0869833 0.991509 -0.205296
0.327075 -0.938075 0.114181 0.985842 0.940042 0.335335 0.0622228 3.77786 -0.0966584 0.0869833 0.991509 -0.205296
0.327075 -0.938075 0.114181 0.985842 0.940042 0.335335 0.0622228 3.77786 -0.0966584 0.0869833 0.991509 -0.205296
0.311993 -0.943282 0.113487 0.941204 0.944238 0.321084 0.0729406 3.79804 -0.105242 0.0844013 0.990858 -0.0496256
0.311993 -0.943282 0.113487 0.941204 0.944238 0.321084 0.0729406 3.79804 -0.105242 0.0844013 0.990858 -0.0496256
0.311993 -0.943282 0.113487 0.941204 0.944238 0.321084 0.0729406 3.79804 -0.105242 0.0844013 0.990858 -0.0496256
0.311993 -0.943282 0.113487 0.941204 0.944238 0.321084 0.0729406 3.79804 -0.105242 0.0844013 0.990858 -0.0496256
0.299887 -0.947317 0.112506 0.905347 0.947388 0.309573 0.0813702 3.81351 -0.111912 0.0821853 0.990314 0.0759037
0.296851 -0.948309 0.112203 0.89635 0.948148 0.306675 0.0834576 3.81728 -0.113553 0.0816102 0.990174 0.10721
0.293813 -0.949293 0.111876 0.887346 0.948898 0.303771 0.0855352 3.82102 -0.115183 0.0810271 0.990034 0.138406
0.293813 -0.949293 0.111876 0.887346 0.948898 0.303771 0.0855352 3.82102 -0.115183 0.0810271 0.990034 0.138406
0.293813 -0.949293 0.111876 0.887346 0.948898 0.303771 0.0855352 3.82102 -0.115183 0.0810271 0.990034 0.138406
0.293813 -0.949293 0.111876 0.887346 0.948898 0.303771 0.0855352 3.82102 -0.115183 0.0810271 0.990034 0.138406
0.281647 -0.953153 0.110338 0.851257 0.951784 0.292094 0.0937399 3.83559 -0.121577 0.0786161 0.989464 0.261469
0.281647 -0.953153 0.110338 0.851257 0.951784 0.292094 0.0937399 3.83559 -0.121577 0.0786161 0.989464 0.261469
0.281647 -0.953153 0.110338 0.851257 0.951784 0.292094 0.0937399 3.83559 -0.121577 0.0786161 0.989464 0.261469
0.281647 -0.953153 0.110338 0.851257 0.951784 0.292094 0.0937399 3.83559 -0.121577 0.0786161 0.989464 0.261469
0.269461 -0.956887 0.108438 0.815063 0.954498 0.28032 0.101759 3.84954 -0.127769 0.0760837 0.988881 0.38031
0.269461 -0.956887 0.108438 0.815063 0.954498 0.28032 0.101759 3.84954 -0.127769 0.0760837 0.988881 0.38031
0.269461 -0.956887 0.108438 0.815063 0.954498 0.28032 0.101759 3.84954 -0.127769 0.0760837 0.988881 0.38031
0.269461 -0.956887 0.108438 0.815063 0.954498 0.28032 0.101759 3.84954 -0.127769 0.0760837 0.988881 0.38031
0.269461 -0.956887 0.108438 0.815063 0.954498 0.28032 0.101759 3.84954 -0.127769 0.0760837 0.988881 0.38031
0.254178 -0.961379 0.105561 0.769601 0.957658 0.265437 0.111507 3.86614 -0.135221 0.072749 0.988141 0.52034
0.254178 -0.961379 0.105561 0.769601 0.957658 0.265437 0.111507 3.86614 -0.135221 0.072749 0.988141 0.52034
0.254178 -0.961379 0.105561 0.769601 0.957658 0.265437 0.111507 3.86614 -0.135221 0.072749 0.988141 0.52034
0.254178 -0.961379 0.105561 0.769601 0.957658 0.265437 0.111507 3.86614 -0.135221 0.072749 0.988141 0.52034
0.241931 -0.964825 0.102872 0.733109 0.960004 0.253415 0.119052 3.87873 -0.140934 0.0699548 0.987544 0.623254
0.238854 -0.965668 0.102144 0.723934 0.960568 0.250382 0.120908 3.88179 -0.142332 0.0692366 0.987395 0.647596
0.235615 -0.966547 0.101355 0.714267 0.961151 0.247181 0.122844 3.88497 -0.143788 0.0684733 0.987237 0.672524
0.235615 -0.966547 0.101355 0.714267 0.961151 0.247181 0.122844 3.88497 -0.143788 0.0684733 0.987237 0.672524
0.235615 -0.966547 0.101355 0.714267 0.961151 0.247181 0.122844 3.88497 -0.143788 0.0684733 0.987237 0.672524
0.235615 -0.966547 0.101355 0.714267 0.961151 0.247181 0.122844 3.88497 -0.143788 0.0684733 0.987237 0.672524
0.235615 -0.966547 0.101355 0.714267 0.961151 0.247181 0.122844 3.88497 -0.143788 0.0684733 0.987237 0.672524
0.223523 -0.969738 0.0982111 0.678148 0.963231 0.23518 0.129908 3.89646 -0.149074 0.0655626 0.98665 0.758751
0.223523 -0.969738 0.0982111 0.678148 0.963231 0.23518 0.129908 3.89646 -0.149074 0.0655626 0.98665 0.758751
0.223523 -0.969738 0.0982111 0.678148 0.963231 0.23518 0.129908 3.89646 -0.149074 0.0655626 0.98665 0.758751
0.223523 -0.969738 0.0982111 0.678148 0.963231 0.23518 0.129908 3.89646 -0.149074 0.0655626 0.98665 0.758751
0.208152 -0.973591 0.0937752 0.632141 0.965665 0.219797 0.138493 3.91019 -0.155447 0.0617279 0.985914 0.851345
0.208152 -0.973591 0.0937752 0.632141 0.965665 0.219797 0.138493 3.91019 -0.155447 0.0617279 0.985914 0.851345
0.208152 -0.973591 0.0937752 0.632141 0.965665 0.219797 0.138493 3.91019 -0.155447 0.0617279 0.985914 0.851345
0.208152 -0.973591 0.0937752 0.632141 0.965665 0.219797 0.138493 3.91019 -0.155447 0.0617279 0.985914 0.851345
0.208152 -0.973591 0.0937752 0.632141 0.965665 0.219797 0.138493 3.91019 -0.155447 0.0617279 0.985914 0.851345
0.192779 -0.97721 0.0888692 0.586021 0.967874 0.20427 0.146611 3.92294 -0.161423 0.0577508 0.985194 0.922901
0.192779 -0.97721 0.0888692 0.586021 0.967874 0.20427 0.146611 3.92294 -0.161423 0.0577508 0.985194 0.922901
0.192779 -0.97721 0.0888692 0.586021 0.967874 0.20427 0.146611 3.92294 -0.161423 0.0577508 0.985194 0.922901
0.192779 -0.97721 0.0888692 0.586021 0.967874 0.20427 0.146611 3.92294 -0.161423 0.0577508 0.985194 0.922901
0.180467 -0.979934 0.0846193 0.549011 0.969487 0.191734 0.152754 3.93245 -0.165914 0.0544701 0.984635 0.963874
0.177382 -0.980592 0.0835112 0.539724 0.96987 0.188578 0.154242 3.93473 -0.166997 0.0536352 0.984497 0.97178
0.174298 -0.98124 0.0823868 0.530438 0.970245 0.185418 0.155709 3.93698 -0.168064 0.0527957 0.984361 0.978719
0.174298 -0.98124 0.0823868 0.530438 0.970245 0.185418 0.155709 3.93698 -0.168064 0.0527957 0.984361 0.978719
0.174298 -0.98124 0.0823868 0.530438 0.970245 0.185418 0.155709 3.93698 -0.168064 0.0527957 0.984361 0.978719
0.174298 -0.98124 0.0823868 0.530438 0.970245 0.185418 0.155709 3.93698 -0.168064 0.0527957 0.984361 0.978719
0.161984 -0.983727 0.0777355 0.493318 0.971661 0.172748 0.161348 3.94555 -0.172151 0.0493967 0.983831 0.996713
0.161984 -0.983727 0.0777355 0.493318 0.971661 0.172748 0.161348 3.94555 -0.172151 0.0493967 0.983831 0.996713
0.161984 -0.983727 0.0777355 0.493318 0.971661 0.172748 0.161348 3.94555 -0.172151 0.0493967 0.983831 0.996713
0.161984 -0.983727 0.0777355 0.493318 0.971661 0.172748 0.161348 3.94555 -0.172151 0.0493967 0.983831 0.996713
0.161984 -0.983727 0.0777355 0.493318 0.971661 0.172748 0.161348 3.94555 -0.172151 0.0493967 0.983831 0.996713
0.149655 -0.986052 0.0728292 0.456082 0.972954 0.159975 0.16664 3.95351 -0.175967 0.0459209 0.983324 0.999005
0.149655 -0.986052 0.0728292 0.456082 0.972954 0.159975 0.16664 3.95351 -0.175967 0.0459209 0.983324 0.999005
0.149655 -0.986052 0.0728292 0.456082 0.972954 0.159975 0.16664 3.95351 -0.175967 0.0459209 0.983324 0.999005
0.149655 -0.986052 0.0728292 0.456082 0.972954 0.159975 0.16664 3.95351 -0.175967 0.0459209 0.983324 0.999005
0.134243 -0.988723 0.0663702 0.409443 0.9744 0.143894 0.172737 3.96257 -0.18034 0.0414823 0.982729 0.979725
0.134243 -0.988723 0.0663702 0.409443 0.9744 0.143894 0.172737 3.96257 -0.18034 0.0414823 0.982729 0.979725
0.134243 -0.988723 0.0663702 0.409443 0.9744 0.143894 0.172737 3.96257 -0.18034 0.0414823 0.982729 0.979725
0.134243 -0.988723 0.0663702 0.409443 0.9744 0.143894 0.172737 3.96257 -0.18034 0.0414823 0.982729 0.979725
0.121917 -0.990666 0.0609636 0.37207 0.975427 0.130945 0.177185 3.96912 -0.183515 0.0378636 0.982288 0.946894
0.118839 -0.991124 0.0595824 0.362729 0.975666 0.127701 0.178235 3.97065 -0.184262 0.0369512 0.982182 0.936342
0.115753 -0.991572 0.0581853 0.353356 0.975899 0.124442 0.179263 3.97216 -0.184993 0.0360328 0.982079 0.924833
0.115753 -0.991572 0.0581853 0.353356 0.975899 0.124442 0.179263 3.97216 -0.184993 0.0360328 0.982079 0.924833
0.115753 -0.991572 0.0581853 0.353356 0.975899 0.124442 0.179263 3.97216 -0.184993 0.0360328 0.982079 0.924833
0.115753 -0.991572 0.0581853 0.353356 0.975899 0.124442 0.179263 3.97216 -0.184993 0.0360328 0.982079 0.924833
0.103425 -0.993251 0.0524917 0.315891 0.976761 0.111385 0.183118 3.97776 -0.187729 0.0323329 0.981689 0.869864
0.103425 -0.993251 0.0524917 0.315891 0.976761 0.111385 0.183118 3.97776 -0.187729 0.0323329 0.981689 0.869864
0.103425 -0.993251 0.0524917 0.315891 0.976761 0.111385 0.183118 3.97776 -0.187729 0.0323329 0.981689 0.869864
0.103425 -0.993251 0.0524917 0.315891 0.976761 0.111385 0.183118 3.97776 -0.187729 0.0323329 0.981689 0.869864
0.103425 -0.993251 0.0524917 0.315891 0.976761 0.111385 0.183118 3.97776 -0.187729 0.0323329 0.981689 0.869864
0.0880202 -0.995095 0.0451422 0.268998 0.977689 0.09498 0.187359 3.98389 -0.190728 0.0276436 0.981254 0.781999
0.0880202 -0.995095 0.0451422 0.268998 0.977689 0.09498 0.187359 3.98389 -0.190728 0.0276436 0.981254 0.781999
0.0880202 -0.995095 0.0451422 0.268998 0.977689 0.09498 0.187359 3.98389 -0.190728 0.0276436 0.981254 0.781999
0.0880202 -0.995095 0.0451422 0.268998 0.977689 0.09498 0.187359 3.98389 -0.190728 0.0276436 0.981254 0.781999
0.0880202 -0.995095 0.0451422 0.268998 0.977689 0.09498 0.187359 3.98389 -0.190728 0.0276436 0.981254 0.781999
0.0726169 -0.996652 0.0375671 0.222036 0.978458 0.0784886 0.190946 3.98903 -0.193256 0.0228919 0.980881 0.674877
0.069535 -0.996929 0.0360276 0.212632 0.978593 0.0751797 0.191584 3.98994 -0.193704 0.0219345 0.980815 0.651355
0.069535 -0.996929 0.0360276 0.212632 0.978593 0.0751797 0.191584 3.98994 -0.193704 0.0219345 0.980815 0.651355
0.069535 -0.996929 0.0360276 0.212632 0.978593 0.0751797 0.191584 3.98994 -0.193704 0.0219345 0.980815 0.651355
0.069535 -0.996929 0.0360276 0.212632 0.978593 0.0751797 0.191584 3.98994 -0.193704 0.0219345 0.980815 0.651355
0.0572093 -0.997917 0.0298011 0.174998 0.979072 0.0619184 0.193864 3.99319 -0.195306 0.0180866 0.980576 0.55108
0.0572093 -0.997917 0.0298011 0.174998 0.979072 0.0619184 0.193864 3.99319 -0.195306 0.0180866 0.980576 0.55108
0.0572093 -0.997917 0.0298011 0.174998 0.979072 0.0619184 0.193864 3.99319 -0.195306 0.0180866 0.980576 0.55108
0.0572093 -0.997917 0.0298011 0.174998 0.979072 0.0619184 0.193864 3.99319 -0.195306 0.0180866 0.980576 0.55108
0.0448931 -0.998716 0.0234837 0.13736 0.979456 0.0486292 0.195707 3.9958 -0.196598 0.0142153 0.980381 0.442179
0.0448931 -0.998716 0.0234837 0.13736 0.979456 0.0486292 0.195707 3.9958 -0.196598 0.0142153 0.980381 0.442179
0.0448931 -0.998716 0.0234837 0.13736 0.979456 0.0486292 0.195707 3.9958 -0.196598 0.0142153 0.980381 0.442179
0.0448931 -0.998716 0.0234837 0.13736 0.979456 0.0486292 0.195707 3.9958 -0.196598 0.0142153 0.980381 0.442179
0.0448931 -0.998716 0.0234837 0.13736 0.979456 0.0486292 0.195707 3.9958 -0.196598 0.0142153 0.980381 0.442179
0.0294963 -0.999445 0.0154822 0.090272 0.979803 0.0319743 0.197391 3.99819 -0.197776 0.00934718 0.980203 0.29643
0.0294963 -0.999445 0.0154822 0.090272 0.979803 0.0319743 0.197391 3.99819 -0.197776 0.00934718 0.980203 0.29643
0.0294963 -0.999445 0.0154822 0.090272 0.979803 0.0319743 0.197391 3.99819 -0.197776 0.00934718 0.980203 0.29643
0.0294963 -0.999445 0.0154822 0.090272 0.979803 0.0319743 0.197391 3.99819 -0.197776 0.00934718 0.980203 0.29643
0.017183 -0.999812 0.00902516 0.0525941 0.979977 0.0186316 0.198237 3.99939 -0.198367 0.00543815 0.980113 0.174426
0.014098 -0.999873 0.00740207 0.0431525 0.980006 0.0152865 0.198379 3.99959 -0.198467 0.00445733 0.980098 0.143351
0.0110288 -0.999922 0.00578576 0.0337584 0.98003 0.0119579 0.198492 3.99975 -0.198546 0.00348109 0.980085 0.112294
0.0110288 -0.999922 0.00578576 0.0337584 0.98003 0.0119579 0.198492 3.99975 -0.198546 0.00348109 0.980085 0.112294
0.0110288 -0.999922 0.00578576 0.0337584 0.98003 0.0119579 0.198492 3.99975 -0.198546 0.00348109 0.980085 0.112294
0.0110288 -0.999922 0.00578576 0.0337584 0.98003 0.0119579 0.198492 3.99975 -0.198546 0.00348109 0.980085 0.112294
-0.00129073 -0.999999 -0.000710249 -0.00395094 0.980066 -0.0014061 0.198667 4 -0.198667 -0.000439667 0.980067 -0.0131696
-0.00129073 -0.999999 -0.000710249 -0.00395094 0.980066 -0.0014061 0.198667 4 -0.198667 -0.000439667 0.980067 -0.0131696
-0.00129073 -0.999999 -0.000710249 -0.00395094 0.980066 -0.0014061 0.198667 4 -0.198667 -0.000439667 0.980067 -0.0131696
-0.00129073 -0.999999 -0.000710249 -0.00395094 0.980066 -0.0014061 0.198667 4 -0.198667 -0.000439667 0.980067 -0.0131696
-0.0136071 -0.999881 -0.00720228 -0.0416498 0.980011 -0.0147657 0.198393 3.99961 -0.198475 -0.00435877 0.980096 -0.138391
-0.0136071 -0.999881 -0.00720228 -0.0416498 0.980011 -0.0147657 0.198393 3.99961 -0.198475 -0.00435877 0.980096 -0.138391
-0.0136071 -0.999881 -0.00720228 -0.0416498 0.980011 -0.0147657 0.198393 3.99961 -0.198475 -0.00435877 0.980096 -0.138391
-0.0136071 -0.999881 -0.00720228 -0.0416498 0.980011 -0.0147657 0.198393 3.99961 -0.198475 -0.00435877 0.980096 -0.138391
-0.0136071 -0.999881 -0.00720228 -0.0416498 0.980011 -0.0147657 0.198393 3.99961 -0.198475 -0.00435877 0.980096 -0.138391
-0.0290045 -0.999462 -0.0152832 -0.0887671 0.979814 -0.0314531 0.19742 3.99825 -0.197795 -0.00924867 0.9802 -0.291633
-0.0290045 -0.999462 -0.0152832 -0.0887671 0.979814 -0.0314531 0.19742 3.99825 -0.197795 -0.00924867 0.9802 -0.291633
-0.0290045 -0.999462 -0.0152832 -0.0887671 0.979814 -0.0314531 0.19742 3.99825 -0.197795 -0.00924867 0.9802 -0.291633
-0.0290045 -0.999462 -0.0152832 -0.0887671 0.979814 -0.0314531 0.19742 3.99825 -0.197795 -0.00924867 0.9802 -0.291633
-0.0413202 -0.99891 -0.0216934 -0.126436 0.979553 -0.0447791 0.196141 3.99645 -0.196899 -0.0131452 0.980336 -0.4092
-0.0444017 -0.998742 -0.0232872 -0.135857 0.979473 -0.0481093 0.195752 3.9959 -0.196626 -0.0141174 0.980377 -0.437676
-0.0474833 -0.998562 -0.0248763 -0.145277 0.979387 -0.0514377 0.195335 3.99531 -0.196334 -0.0150884 0.980421 -0.46572
-0.0474833 -0.998562 -0.0248763 -0.145277 0.979387 -0.0514377 0.195335 3.99531 -0.196334 -0.0150884 0.980421 -0.46572
-0.0474833 -0.998562 -0.0248763 -0.145277 0.979387 -0.0514377 0.195335 3.99531 -0.196334 -0.0150884 0.980421 -0.46572
-0.0474833 -0.998562 -0.0248763 -0.145277 0.979387 -0.0514377 0.195335 3.99531 -0.196334 -0.0150884 0.980421 -0.46572
-0.0598016 -0.997723 -0.0311754 -0.182915 0.978984 -0.0647213 0.193395 3.99256 -0.194972 -0.0189549 0.980626 -0.572946
-0.0598016 -0.997723 -0.0311754 -0.182915 0.978984 -0.0647213 0.193395 3.99256 -0.194972 -0.0189549 0.980626 -0.572946
-0.0598016 -0.997723 -0.0311754 -0.182915 0.978984 -0.0647213 0.193395 3.99256 -0.194972 -0.0189549 0.980626 -0.572946
-0.0598016 -0.997723 -0.0311754 -0.182915 0.978984 -0.0647213 0.193395 3.99256 -0.194972 -0.0189549 0.980626 -0.572946
-0.0721225 -0.996695 -0.0373755 -0.220527 0.978485 -0.0779679 0.191019 3.98918 -0.193302 -0.0227946 0.980874 -0.671145
-0.0721225 -0.996695 -0.0373755 -0.220527 0.978485 -0.0779679 0.191019 3.98918 -0.193302 -0.0227946 0.980874 -0.671145
-0.0721225 -0.996695 -0.0373755 -0.220527 0.978485 -0.0779679 0.191019 3.98918 -0.193302 -0.0227946 0.980874 -0.671145
-0.0721225 -0.996695 -0.0373755 -0.220527 0.978485 -0.0779679 0.191019 3.98918 -0.193302 -0.0227946 0.980874 -0.671145
-0.0721225 -0.996695 -0.0373755 -0.220527 0.978485 -0.0779679 0.191019 3.98918 -0.193302 -0.0227946 0.980874 -0.671145
-0.0844479 -0.99548 -0.0434577 -0.258112 0.977887 -0.091172 0.188214 3.98517 -0.191325 -0.0266024 0.981166 -0.75878
-0.0844479 -0.99548 -0.0434577 -0.258112 0.977887 -0.091172 0.188214 3.98517 -0.191325 -0.0266024 0.981166 -0.75878
-0.0844479 -0.99548 -0.0434577 -0.258112 0.977887 -0.091172 0.188214 3.98517 -0.191325 -0.0266024 0.981166 -0.75878
-0.0844479 -0.99548 -0.0434577 -0.258112 0.977887 -0.091172 0.188214 3.98517 -0.191325 -0.0266024 0.981166 -0.75878
-0.0998549 -0.993701 -0.0508619 -0.305029 0.976997 -0.1076 0.184116 3.97927 -0.188429 -0.031307 0.981588 -0.851334
-0.0998549 -0.993701 -0.0508619 -0.305029 0.976997 -0.1076 0.184116 3.97927 -0.188429 -0.031307 0.981588 -0.851334
-0.0998549 -0.993701 -0.0508619 -0.305029 0.976997 -0.1076 0.184116 3.97927 -0.188429 -0.031307 0.981588 -0.851334
-0.0998549 -0.993701 -0.0508619 -0.305029 0.976997 -0.1076 0.184116 3.97927 -0.188429 -0.031307 0.981588 -0.851334
-0.112182 -0.992074 -0.0566042 -0.34251 0.976167 -0.120675 0.180374 3.97384 -0.185775 -0.0350205 0.981968 -0.910377
-0.115261 -0.99164 -0.0580107 -0.351861 0.975943 -0.12393 0.179376 3.97239 -0.185066 -0.0359401 0.982069 -0.922912
-0.11834 -0.991194 -0.0594058 -0.361211 0.975713 -0.127181 0.178353 3.9709 -0.184338 -0.0368566 0.982172 -0.934541
-0.11834 -0.991194 -0.0594058 -0.361211 0.975713 -0.127181 0.178353 3.9709 -0.184338 -0.0368566 0.982172 -0.934541
-0.11834 -0.991194 -0.0594058 -0.361211 0.975713 -0.127181 0.178353 3.9709 -0.184338 -0.0368566 0.982172 -0.934541
-0.11834 -0.991194 -0.0594058 -0.361211 0.975713 -0.127181 0.178353 3.9709 -0.184338 -0.0368566 0.982172 -0.934541
-0.130671 -0.989301 -0.0648705 -0.398614 0.974719 -0.140155 0.174012 3.96453 -0.181242 -0.0404922 0.982604 -0.971778
-0.130671 -0.989301 -0.0648705 -0.398614 0.974719 -0.140155 0.174012 3.96453 -0.181242 -0.0404922 0.982604 -0.971778
-0.130671 -0.989301 -0.0648705 -0.398614 0.974719 -0.140155 0.174012 3.96453 -0.181242 -0.0404922 0.982604 -0.971778
-0.130671 -0.989301 -0.0648705 -0.398614 0.974719 -0.140155 0.174012 3.96453 -0.181242 -0.0404922 0.982604 -0.971778
-0.130671 -0.989301 -0.0648705 -0.398614 0.974719 -0.140155 0.174012 3.96453 -0.181242 -0.0404922 0.982604 -0.971778
-0.146076 -0.986693 -0.0714038 -0.445256 0.973316 -0.156257 0.168048 3.9557 -0.176969 -0.0449506 0.983189 -0.996713
-0.146076 -0.986693 -0.0714038 -0.445256 0.973316 -0.156257 0.168048 3.9557 -0.176969 -0.0449506 0.983189 -0.996713
-0.146076 -0.986693 -0.0714038 -0.445256 0.973316 -0.156257 0.168048 3.9557 -0.176969 -0.0449506 0.983189 -0.996713
-0.146076 -0.986693 -0.0714038 -0.445256 0.973316 -0.156257 0.168048 3.9557 -0.176969 -0.0449506 0.983189 -0.996713
-0.158403 -0.984416 -0.0763757 -0.482503 0.972059 -0.16905 0.162858 3.94793 -0.173232 -0.0484446 0.983689 -0.999007
-0.161487 -0.983821 -0.0775823 -0.491813 0.971726 -0.172238 0.161503 3.94588 -0.172252 -0.049308 0.983818 -0.997112
-0.164569 -0.983215 -0.0787723 -0.501111 0.971385 -0.175418 0.160127 3.9438 -0.171257 -0.0501663 0.983948 -0.994234
-0.164569 -0.983215 -0.0787723 -0.501111 0.971385 -0.175418 0.160127 3.9438 -0.171257 -0.0501663 0.983948 -0.994234
-0.164569 -0.983215 -0.0787723 -0.501111 0.971385 -0.175418 0.160127 3.9438 -0.171257 -0.0501663 0.983948 -0.994234
-0.164569 -0.983215 -0.0787723 -0.501111 0.971385 -0.175418 0.160127 3.9438 -0.171257 -0.0501663 0.983948 -0.994234
-0.176892 -0.980693 -0.0833701 -0.538244 0.969941 -0.188079 0.154406 3.93509 -0.167105 -0.0535508 0.984484 -0.972951
-0.176892 -0.980693 -0.0833701 -0.538244 0.969941 -0.188079 0.154406 3.93509 -0.167105 -0.0535508 0.984484 -0.972951
-0.176892 -0.980693 -0.0833701 -0.538244 0.969941 -0.188079 0.154406 3.93509 -0.167105 -0.0535508 0.984484 -0.972951
-0.176892 -0.980693 -0.0833701 -0.538244 0.969941 -0.188079 0.154406 3.93509 -0.167105 -0.0535508 0.984484 -0.972951
-0.189203 -0.978014 -0.087697 -0.575272 0.968367 -0.200639 0.148354 3.92577 -0.162688 -0.0568538 0.985038 -0.936344
-0.189203 -0.978014 -0.087697 -0.575272 0.968367 -0.200639 0.148354 3.92577 -0.162688 -0.0568538 0.985038 -0.936344
-0.189203 -0.978014 -0.087697 -0.575272 0.968367 -0.200639 0.148354 3.92577 -0.162688 -0.0568538 0.985038 -0.936344
-0.189203 -0.978014 -0.087697 -0.575272 0.968367 -0.200639 0.148354 3.92577 -0.162688 -0.0568538 0.985038 -0.936344
-0.189203 -0.978014 -0.087697 -0.575272 0.968367 -0.200639 0.148354 3.92577 -0.162688 -0.0568538 0.985038 -0.936344
-0.2046 -0.974445 -0.0927122 -0.621488 0.966206 -0.216222 0.140332 3.91323 -0.156793 -0.0608671 0.985754 -0.869828
-0.2046 -0.974445 -0.0927122 -0.621488 0.966206 -0.216222 0.140332 3.91323 -0.156793 -0.0608671 0.985754 -0.869828
-0.2046 -0.974445 -0.0927122 -0.621488 0.966206 -0.216222 0.140332 3.91323 -0.156793 -0.0608671 0.985754 -0.869828
-0.2046 -0.974445 -0.0927122 -0.621488 0.966206 -0.216222 0.140332 3.91323 -0.156793 -0.0608671 0.985754 -0.869828
-0.2046 -0.974445 -0.0927122 -0.621488 0.966206 -0.216222 0.140332 3.91323 -0.156793 -0.0608671 0.985754 -0.869828
-0.219958 -0.97065 -0.0972507 -0.667477 0.963828 -0.231623 0.131856 3.89974 -0.150512 -0.0647302 0.986487 -0.782014
-0.219958 -0.97065 -0.0972507 -0.667477 0.963828 -0.231623 0.131856 3.89974 -0.150512 -0.0647302 0.986487 -0.782014
-0.219958 -0.97065 -0.0972507 -0.667477 0.963828 -0.231623 0.131856 3.89974 -0.150512 -0.0647302 0.986487 -0.782014
-0.219958 -0.97065 -0.0972507 -0.667477 0.963828 -0.231623 0.131856 3.89974 -0.150512 -0.0647302 0.986487 -0.782014
-0.232244 -0.967448 -0.100532 -0.704196 0.961758 -0.243842 0.124754 3.88824 -0.145207 -0.067714 0.987081 -0.697687
-0.235303 -0.966629 -0.101299 -0.713327 0.961218 -0.24687 0.122943 3.88528 -0.143848 -0.0684414 0.98723 -0.674909
-0.238369 -0.965798 -0.102047 -0.722478 0.960668 -0.2499 0.121112 3.88227 -0.142471 -0.0691644 0.98738 -0.651398
-0.238369 -0.965798 -0.102047 -0.722478 0.960668 -0.2499 0.121112 3.88227 -0.142471 -0.0691644 0.98738 -0.651398
-0.238369 -0.965798 -0.102047 -0.722478 0.960668 -0.2499 0.121112 3.88227 -0.142471 -0.0691644 0.98738 -0.651398
-0.238369 -0.965798 -0.102047 -0.722478 0.960668 -0.2499 0.121112 3.88227 -0.142471 -0.0691644 0.98738 -0.651398
-0.250628 -0.96239 -0.104833 -0.759023 0.958367 -0.261958 0.113629 3.86986 -0.136817 -0.0719902 0.987977 -0.551127
-0.250628 -0.96239 -0.104833 -0.759023 0.958367 -0.261958 0.113629 3.86986 -0.136817 -0.0719902 0.987977 -0.551127
-0.250628 -0.96239 -0.104833 -0.759023 0.958367 -0.261958 0.113629 3.86986 -0.136817 -0.0719902 0.987977 -0.551127
-0.250628 -0.96239 -0.104833 -0.759023 0.958367 -0.261958 0.113629 3.86986 -0.136817 -0.0719902 0.987977 -0.551127
-0.262857 -0.958853 -0.107275 -0.795419 0.955908 -0.2739 0.105922 3.85684 -0.130946 -0.0747023 0.988571 -0.442249
-0.262857 -0.958853 -0.107275 -0.795419 0.955908 -0.2739 0.105922 3.85684 -0.130946 -0.0747023 0.988571 -0.442249
-0.262857 -0.958853 -0.107275 -0.795419 0.955908 -0.2739 0.105922 3.85684 -0.130946 -0.0747023 0.988571 -0.442249
-0.262857 -0.958853 -0.107275 -0.795419 0.955908 -0.2739 0.105922 3.85684 -0.130946 -0.0747023 0.988571 -0.442249
-0.262857 -0.958853 -0.107275 -0.795419 0.955908 -0.2739 0.105922 3.85684 -0.130946 -0.0747023 0.988571 -0.442249
-0.275068 -0.955184 -0.109366 -0.831711 0.953283 -0.285741 0.0979997 3.84321 -0.124858 -0.0772998 0.989159 -0.326331
-0.275068 -0.955184 -0.109366 -0.831711 0.953283 -0.285741 0.0979997 3.84321 -0.124858 -0.0772998 0.989159 -0.326331
-0.275068 -0.955184 -0.109366 -0.831711 0.953283 -0.285741 0.0979997 3.84321 -0.124858 -0.0772998 0.989159 -0.326331
-0.275068 -0.955184 -0.109366 -0.831711 0.953283 -0.285741 0.0979997 3.84321 -0.124858 -0.0772998 0.989159 -0.326331
-0.290287 -0.950425 -0.111472 -0.87688 0.949764 -0.300387 0.0878344 3.82531 -0.116965 -0.080375 0.989878 -0.174454
-0.290287 -0.950425 -0.111472 -0.87688 0.949764 -0.300387 0.0878344 3.82531 -0.116965 -0.080375 0.989878 -0.174454
-0.290287 -0.950425 -0.111472 -0.87688 0.949764 -0.300387 0.0878344 3.82531 -0.116965 -0.080375 0.989878 -0.174454
-0.290287 -0.950425 -0.111472 -0.87688 0.949764 -0.300387 0.0878344 3.82531 -0.116965 -0.080375 0.989878 -0.174454
-0.290287 -0.950425 -0.111472 -0.87688 0.949764 -0.300387 0.0878344 3.82531 -0.116965 -0.080375 0.989878 -0.174454
-0.305459 -0.945476 -0.113004 -0.921847 0.945972 -0.314872 0.0774094 3.80647 -0.10877 -0.083253 0.990575 -0.0182312
-0.305459 -0.945476 -0.113004 -0.921847 0.945972 -0.314872 0.0774094 3.80647 -0.10877 -0.083253 0.990575 -0.0182312
-0.305459 -0.945476 -0.113004 -0.921847 0.945972 -0.314872 0.0774094 3.80647 -0.10877 -0.083253 0.990575 -0.0182312
-0.305459 -0.945476 -0.113004 -0.921847 0.945972 -0.314872 0.0774094 3.80647 -0.10877 -0.083253 0.990575 -0.0182312
