0.703344 -0.706867 -0.0751417 2.13846 0.692025 0.705047 -0.15495 2.80539 0.162508 0.0569832 0.985061 0.996712
0.7013 -0.709091 -0.0732633 2.13184 0.694364 0.702744 -0.15495 2.81434 0.161359 0.0577953 0.985202 0.998765
0.699251 -0.711304 -0.071379 2.1252 0.696696 0.700437 -0.154925 2.82325 0.160195 0.0586016 0.985344 0.999833
0.697191 -0.71351 -0.0694854 2.11853 0.699028 0.698122 -0.154873 2.83215 0.159013 0.0594038 0.985488 0.999914
0.695129 -0.715701 -0.0675906 2.11185 0.701348 0.695808 -0.154796 2.841 0.157817 0.0601984 0.985632 0.999009
0.693055 -0.717886 -0.0656853 2.10514 0.70367 0.693484 -0.154692 2.84984 0.156603 0.0609894 0.985777 0.997115
0.690979 -0.720056 -0.0637801 2.09842 0.705979 0.691161 -0.154563 2.85863 0.155376 0.0617725 0.985922 0.994243
0.688894 -0.722217 -0.0618674 2.09168 0.708286 0.688832 -0.154408 2.86741 0.154132 0.0625508 0.986068 0.990387
0.6868 -0.72437 -0.0599492 2.08491 0.710588 0.686497 -0.154226 2.87616 0.152872 0.0633235 0.986215 0.985551
0.684701 -0.72651 -0.0580287 2.07812 0.712883 0.68416 -0.154019 2.88488 0.151598 0.0640895 0.986362 0.979748
0.682594 -0.728641 -0.0561032 2.07131 0.715174 0.681819 -0.153786 2.89357 0.150307 0.0648499 0.98651 0.972974
0.68048 -0.730761 -0.0541749 2.06449 0.717457 0.679474 -0.153527 2.90223 0.149002 0.0656037 0.986658 0.965243
0.678359 -0.732871 -0.052243 2.05764 0.719736 0.677124 -0.153241 2.91086 0.147681 0.0663516 0.986807 0.956558
0.676229 -0.734972 -0.0503076 2.05077 0.722009 0.674771 -0.15293 2.91947 0.146345 0.0670932 0.986956 0.946926
0.674093 -0.737061 -0.0483699 2.04388 0.724276 0.672413 -0.152593 2.92805 0.144995 0.0678284 0.987105 0.936361
0.671949 -0.73914 -0.0464308 2.03697 0.726536 0.670054 -0.152229 2.93659 0.14363 0.0685568 0.987254 0.924875
0.669796 -0.741211 -0.0444877 2.03003 0.728792 0.667688 -0.15184 2.94512 0.142249 0.0692795 0.987403 0.912463
0.667639 -0.743268 -0.0425462 2.02309 0.731039 0.665322 -0.151425 2.9536 0.140856 0.0699943 0.987553 0.899171
0.665474 -0.745316 -0.040603 2.01612 0.733279 0.662952 -0.150984 2.96206 0.139449 0.0707026 0.987702 0.884988
0.663299 -0.747355 -0.0386569 2.00913 0.735516 0.660577 -0.150517 2.97049 0.138025 0.0714048 0.987851 0.869917
0.661116 -0.749385 -0.0367097 2.00211 0.737746 0.658197 -0.150023 2.9789 0.136587 0.0721003 0.988001 0.85398
0.658928 -0.751403 -0.0347649 1.99508 0.739968 0.655817 -0.149505 2.98727 0.135138 0.072788 0.98815 0.837222
0.656735 -0.753407 -0.0328231 1.98805 0.742179 0.653438 -0.148961 2.9956 0.133676 0.0734676 0.988298 0.819664
0.654525 -0.75541 -0.030873 1.98096 0.744393 0.651044 -0.14839 3.00394 0.132195 0.0741431 0.988447 0.801215
0.652318 -0.757393 -0.0289331 1.97389 0.74659 0.64866 -0.147795 3.0122 0.130707 0.0748082 0.988595 0.782066
0.650095 -0.759374 -0.0269874 1.96677 0.748789 0.646263 -0.147173 3.02047 0.1292 0.0754685 0.988743 0.762074
0.647872 -0.761337 -0.0250504 1.95966 0.750971 0.643872 -0.146527 3.02868 0.127686 0.0761189 0.988889 0.741406
0.645634 -0.763297 -0.0231089 1.9525 0.753154 0.641471 -0.145854 3.03688 0.126154 0.076764 0.989036 0.719938
0.643394 -0.765242 -0.021174 1.94535 0.755325 0.639072 -0.145157 3.04503 0.124612 0.0774002 0.989182 0.69781
0.641141 -0.767182 -0.0192374 1.93815 0.757493 0.636666 -0.144434 3.05318 0.123055 0.0780302 0.989327 0.674943
0.638886 -0.769107 -0.0173086 1.93096 0.759648 0.634262 -0.143687 3.06127 0.121489 0.078651 0.989472 0.65147
0.636617 -0.771027 -0.0153781 1.92373 0.761801 0.63185 -0.142913 3.06935 0.119906 0.0792655 0.989616 0.627295
0.634344 -0.772934 -0.0134545 1.91649 0.763943 0.62944 -0.142115 3.07739 0.118314 0.0798712 0.989759 0.602543
0.63206 -0.774833 -0.0115319 1.90923 0.76608 0.627023 -0.141291 3.08541 0.116708 0.08047 0.989901 0.57716
0.629771 -0.776721 -0.00961614 1.90195 0.768207 0.624607 -0.140443 3.09338 0.115092 0.0810599 0.990042 0.551242
0.62747 -0.778603 -0.00770125 1.89465 0.77033 0.622184 -0.139569 3.10135 0.113461 0.081643 0.990182 0.524731
0.625165 -0.780471 -0.00579456 1.88733 0.772441 0.619762 -0.138672 3.10926 0.111821 0.082217 0.990321 0.497748
0.622851 -0.782331 -0.00389222 1.88 0.774545 0.617337 -0.13775 3.11715 0.110169 0.0827831 0.990459 0.470263
0.620531 -0.784179 -0.0019973 1.87265 0.776638 0.614912 -0.136805 3.125 0.108508 0.0833404 0.990596 0.442343
0.618195 -0.786025 -0.000101605 1.86526 0.778731 0.612477 -0.135832 3.13285 0.106829 0.0838913 0.990732 0.413888
0.615862 -0.787852 0.00177923 1.85789 0.780806 0.61005 -0.134839 3.14063 0.105148 0.0844314 0.990866 0.385157
0.613517 -0.789673 0.00365727 1.85048 0.782876 0.607616 -0.13382 3.1484 0.103452 0.0849641 0.990999 0.355991
0.611159 -0.791489 0.00553192 1.84304 0.784942 0.605175 -0.132776 3.15615 0.101743 0.0854893 0.991131 0.32642
0.608796 -0.793292 0.00739668 1.83559 0.786996 0.602736 -0.131709 3.16385 0.100026 0.0860051 0.991261 0.296571
0.606429 -0.795084 0.00925102 1.82814 0.789038 0.600298 -0.130621 3.17151 0.098301 0.0865116 0.991389 0.266479
0.60405 -0.796869 0.0111009 1.82066 0.791075 0.597854 -0.129507 3.17916 0.0965632 0.0870102 0.991516 0.236071
0.60166 -0.798647 0.0129451 1.81315 0.793105 0.595404 -0.128368 3.18678 0.0948133 0.0875008 0.991642 0.205392
0.599269 -0.800411 0.0147755 1.80564 0.795121 0.592959 -0.12721 3.19434 0.0930589 0.0879812 0.991766 0.174601
0.596866 -0.802169 0.0166002 1.79811 0.797131 0.590508 -0.126027 3.20189 0.091292 0.0884535 0.991888 0.143587
0.594453 -0.803919 0.0184171 1.79055 0.799133 0.588054 -0.12482 3.20941 0.0895147 0.0889171 0.992009 0.112413
0.592037 -0.805657 0.020221 1.78299 0.801121 0.585602 -0.123593 3.21689 0.0877318 0.0893709 0.992127 0.0811923
0.589606 -0.807391 0.022021 1.77538 0.803107 0.58314 -0.122339 3.22435 0.0859342 0.0898171 0.992244 0.0497942
0.587171 -0.809113 0.0238078 1.76778 0.805079 0.580681 -0.121066 3.23178 0.0841312 0.0902534 0.992359 0.0184045
0.58472 -0.810831 0.0255894 1.76013 0.807048 0.578212 -0.119766 3.23918 0.0823143 0.0906817 0.992472 -0.0130915
0.582275 -0.812531 0.027351 1.75251 0.808997 0.575755 -0.118452 3.24652 0.0804987 0.0910986 0.992583 -0.0444067
0.579816 -0.814227 0.0291063 1.74486 0.81094 0.573289 -0.117113 3.25385 0.0786702 0.0915074 0.992692 -0.0757566
0.577352 -0.815912 0.0308483 1.73719 0.812872 0.570824 -0.115754 3.26113 0.076836 0.0919063 0.992799 -0.10699
0.574874 -0.817593 0.0325832 1.72949 0.814799 0.568351 -0.11437 3.2684 0.0749893 0.092297 0.992904 -0.138196
0.572388 -0.819265 0.0343057 1.72178 0.816715 0.565876 -0.112965 3.27563 0.0731356 0.092678 0.993007 -0.169251
0.569899 -0.820925 0.0360132 1.71406 0.818617 0.563404 -0.111542 3.28282 0.0712778 0.0930489 0.993107 -0.200083
0.567401 -0.822578 0.0377096 1.70632 0.820511 0.560928 -0.110098 3.28998 0.0694115 0.0934107 0.993205 -0.230738
0.56489 -0.824225 0.0393967 1.69855 0.822398 0.558445 -0.10863 3.29712 0.0675343 0.0937635 0.993301 -0.261223
0.562375 -0.825862 0.0410685 1.69077 0.824272 0.555964 -0.107143 3.30422 0.065653 0.0941063 0.993395 -0.291403
0.559851 -0.827491 0.0427273 1.68298 0.826136 0.55348 -0.105637 3.31128 0.0637649 0.0944395 0.993486 -0.321298
0.557322 -0.82911 0.0443714 1.67518 0.827988 0.550996 -0.104112 3.31831 0.0618717 0.0947628 0.993575 -0.35085
0.554781 -0.830723 0.0460041 1.66735 0.829832 0.548506 -0.102565 3.32531 0.0599696 0.0950768 0.993662 -0.380096
0.552226 -0.832333 0.0476272 1.65948 0.831671 0.546008 -0.100994 3.3323 0.0580562 0.0953819 0.993746 -0.409042
0.5495 -0.834036 0.0493378 1.65109 0.833614 0.543347 -0.0993028 3.3397 0.0560145 0.0956955 0.993833 -0.439382
0.547113 -0.835515 0.0508176 1.64376 0.835301 0.541023 -0.0978085 3.34613 0.054227 0.0959602 0.993907 -0.465463
0.544547 -0.837092 0.0523891 1.63588 0.837098 0.538531 -0.0961892 3.35298 0.0523061 0.0962344 0.993983 -0.492967
0.541966 -0.838667 0.0539503 1.62797 0.838889 0.536028 -0.0945466 3.35982 0.0503742 0.0964994 0.994057 -0.520065
0.539378 -0.840233 0.0554962 1.62004 0.840669 0.533523 -0.0928858 3.36663 0.0484372 0.0967545 0.994129 -0.546647
0.536785 -0.84179 0.0570249 1.6121 0.842437 0.531019 -0.0912088 3.3734 0.0464973 0.0969994 0.994198 -0.57266
0.534178 -0.843343 0.0585416 1.60413 0.844198 0.528506 -0.0895099 3.38015 0.0445479 0.0972349 0.994264 -0.598169
0.531575 -0.844881 0.0600355 1.59617 0.845939 0.526002 -0.0878012 3.38683 0.0426028 0.0974593 0.994327 -0.622972
0.528959 -0.846415 0.0615161 1.58819 0.847673 0.52349 -0.086072 3.3935 0.0406496 0.0976741 0.994388 -0.647209
0.52633 -0.847945 0.062984 1.58017 0.8494 0.52097 -0.0843213 3.40015 0.0386871 0.0978794 0.994446 -0.670868
0.523701 -0.849462 0.0644306 1.57216 0.85111 0.518455 -0.0825594 3.40674 0.0367268 0.098074 0.994501 -0.69379
0.521058 -0.850976 0.0658638 1.56412 0.852813 0.515931 -0.0807767 3.41332 0.0347579 0.0982589 0.994554 -0.716082
0.518408 -0.852482 0.0672793 1.55606 0.854504 0.513405 -0.0789784 3.41986 0.0327862 0.0984335 0.994603 -0.737658
0.515754 -0.85398 0.0686762 1.548 0.856183 0.510878 -0.0771657 3.42636 0.0308127 0.0985979 0.99465 -0.758487
0.51309 -0.855471 0.0700567 1.53991 0.857851 0.508347 -0.0753357 3.43283 0.0288344 0.0987522 0.994694 -0.778584
0.510422 -0.856954 0.0714175 1.53182 0.859505 0.505816 -0.0734928 3.43926 0.0268557 0.098896 0.994735 -0.797886
0.507558 -0.858532 0.0728542 1.52314 0.861263 0.503104 -0.0715034 3.44611 0.0247347 0.0990387 0.994776 -0.817674
0.50506 -0.859898 0.0740868 1.51558 0.862781 0.500743 -0.0697593 3.45203 0.0228875 0.0991533 0.994809 -0.834134
0.502377 -0.861356 0.0753899 1.50746 0.864396 0.498209 -0.0678763 3.45834 0.0209057 0.0992662 0.994841 -0.850982
0.499675 -0.862812 0.0766797 1.4993 0.866006 0.495662 -0.0659713 3.46465 0.0189136 0.0993693 0.994871 -0.867059
0.496974 -0.864258 0.077947 1.49114 0.8676 0.493119 -0.0640576 3.4709 0.0169251 0.0994618 0.994897 -0.882237
0.494262 -0.865698 0.0791973 1.48295 0.869185 0.490569 -0.0621272 3.47713 0.0149317 0.0995442 0.994921 -0.896568
0.491537 -0.867135 0.0804308 1.47473 0.870761 0.48801 -0.0601795 3.48334 0.0129327 0.0996164 0.994942 -0.910041
0.488806 -0.868564 0.0816442 1.46651 0.872324 0.48545 -0.0582196 3.48951 0.0109333 0.0996783 0.99496 -0.922606
0.486077 -0.869982 0.0828343 1.45829 0.87387 0.482893 -0.0562528 3.49562 0.00893872 0.0997296 0.994974 -0.934224
0.483336 -0.871395 0.0840064 1.45005 0.875407 0.48033 -0.0542704 3.50171 0.0069402 0.0997707 0.994986 -0.944938
0.480593 -0.8728 0.0851571 1.4418 0.87693 0.477766 -0.0522783 3.50776 0.00494333 0.0998014 0.994995 -0.954708
0.477842 -0.874198 0.0862877 1.43353 0.878441 0.475199 -0.0502741 3.51378 0.00294572 0.0998218 0.995001 -0.963538
0.475073 -0.875595 0.0874023 1.42522 0.879946 0.472618 -0.0482505 3.51979 0.00094002 0.0998318 0.995004 -0.971449
0.472309 -0.87698 0.0884921 1.41693 0.881432 0.470043 -0.0462234 3.52573 -0.0010581 0.0998315 0.995004 -0.97837
0.469539 -0.878358 0.089561 1.40862 0.882907 0.467465 -0.0441857 3.53164 -0.00305582 0.0998209 0.995001 -0.984326
0.466755 -0.879732 0.0906116 1.40028 0.884372 0.464877 -0.0421322 3.53753 -0.00505818 0.0997998 0.994995 -0.989324
0.46389 -0.881137 0.0916683 1.39171 0.885864 0.462216 -0.0400133 3.54355 -0.00711338 0.0997675 0.994985 -0.993437
0.461175 -0.882459 0.0926471 1.38358 0.887263 0.459696 -0.0379994 3.5492 -0.00905653 0.0997268 0.994974 -0.996373
0.458375 -0.883813 0.093633 1.37521 0.88869 0.457099 -0.0359182 3.55498 -0.0110546 0.0996747 0.994959 -0.998423
0.455569 -0.88516 0.0945973 1.36682 0.890105 0.454499 -0.0338277 3.56072 -0.0130514 0.0996123 0.994941 -0.999486
0.452767 -0.886496 0.0955364 1.35846 0.891502 0.451904 -0.031736 3.56641 -0.0150394 0.0995399 0.99492 -0.999565
0.449943 -0.887833 0.0964592 1.35003 0.892895 0.44929 -0.0296232 3.5721 -0.0170377 0.0994567 0.994896 -0.998654
0.447119 -0.88916 0.0973579 1.3416 0.894272 0.446678 -0.0275071 3.57774 -0.0190294 0.0993634 0.994869 -0.996759
0.444292 -0.89048 0.0982337 1.33317 0.895635 0.444064 -0.025385 3.58333 -0.0210172 0.0992599 0.99484 -0.993884
0.441449 -0.891798 0.0990903 1.3247 0.896991 0.441437 -0.0232475 3.58892 -0.02301 0.0991457 0.994807 -0.990013
0.438619 -0.893101 0.0999192 1.31627 0.898326 0.438822 -0.0211164 3.59443 -0.0249877 0.0990221 0.994771 -0.985193
0.435771 -0.894404 0.100729 1.30779 0.899654 0.436192 -0.0189694 3.59993 -0.0269709 0.0988877 0.994733 -0.979383
0.432921 -0.895697 0.101515 1.29931 0.900967 0.433562 -0.0168191 3.60538 -0.0289483 0.0987433 0.994692 -0.972616
0.430056 -0.89699 0.102282 1.29079 0.902272 0.430918 -0.0146546 3.61082 -0.0309299 0.0985881 0.994648 -0.964861
0.427198 -0.89827 0.103022 1.28229 0.90356 0.42828 -0.0124937 3.6162 -0.0328995 0.0984235 0.994601 -0.95619
0.424328 -0.899547 0.103741 1.27376 0.904837 0.425633 -0.0103222 3.62155 -0.0348701 0.0982483 0.994551 -0.946556
0.421458 -0.900814 0.104435 1.26524 0.906099 0.422986 -0.0081502 3.62686 -0.0368327 0.0980634 0.994498 -0.936011
0.418572 -0.902081 0.105109 1.25666 0.907355 0.420324 -0.00596397 3.63215 -0.0387999 0.0978675 0.994443 -0.924495
0.415684 -0.903339 0.105759 1.24809 0.908595 0.41766 -0.00377583 3.63741 -0.0407605 0.0976618 0.994385 -0.912078
0.412802 -0.904587 0.106383 1.23954 0.909819 0.415003 -0.00159264 3.6426 -0.0427087 0.0974469 0.994324 -0.898817
0.409902 -0.905834 0.106987 1.23094 0.911036 0.412327 0.000605325 3.64778 -0.044662 0.097221 0.99426 -0.884602
0.406998 -0.907073 0.107567 1.22232 0.912239 0.409648 0.00280576 3.65293 -0.0466097 0.0969851 0.994194 -0.869519
0.404097 -0.908303 0.108122 1.21372 0.913427 0.406972 0.00500285 3.65802 -0.0485468 0.0967399 0.994125 -0.853625
0.401176 -0.909534 0.108656 1.20507 0.914609 0.404276 0.00721525 3.66311 -0.0504896 0.0964834 0.994053 -0.836794
0.398274 -0.910748 0.109162 1.19647 0.915768 0.401597 0.00941146 3.66811 -0.0524108 0.0962192 0.993979 -0.819284
0.395349 -0.911963 0.109648 1.1878 0.916922 0.398896 0.0116244 3.67312 -0.0543393 0.0959433 0.993902 -0.800848
0.392432 -0.913167 0.110108 1.17917 0.918059 0.396202 0.0138289 3.67806 -0.0562532 0.0956589 0.993823 -0.78171
0.389499 -0.914369 0.110546 1.17048 0.919188 0.393492 0.0160439 3.68299 -0.058169 0.0953636 0.993741 -0.761723
0.386566 -0.915562 0.110959 1.1618 0.920303 0.39078 0.0182566 3.68787 -0.0600759 0.095059 0.993657 -0.741014
0.38363 -0.916749 0.111349 1.15311 0.921405 0.388065 0.020469 3.69272 -0.0619755 0.0947447 0.993571 -0.719585
0.380688 -0.917931 0.111714 1.1444 0.922495 0.385341 0.0226837 3.69753 -0.0638703 0.0944206 0.993481 -0.697428
0.377734 -0.919108 0.112057 1.13566 0.923576 0.382607 0.0249035 3.70232 -0.0657627 0.094086 0.99339 -0.674531
0.374791 -0.920274 0.112374 1.12696 0.924639 0.379879 0.0271123 3.70705 -0.0676391 0.0937435 0.993296 -0.65108
0.371834 -0.921437 0.112667 1.11821 0.925693 0.377138 0.0293274 3.71175 -0.0695145 0.0933903 0.9932 -0.626913
0.368868 -0.922595 0.112937 1.10944 0.926736 0.374386 0.0315456 3.71643 -0.0713859 0.093027 0.993101 -0.602083
0.365913 -0.923741 0.113182 1.1007 0.927763 0.371642 0.0337514 3.72105 -0.0732407 0.092656 0.993001 -0.576782
0.362944 -0.924885 0.113404 1.09192 0.92878 0.368882 0.0359634 3.72564 -0.0750945 0.0922743 0.992898 -0.550823
0.35998 -0.926018 0.1136 1.08315 0.929783 0.366125 0.0381667 3.73019 -0.0769349 0.0918843 0.992793 -0.5244
0.356998 -0.927151 0.113774 1.07433 0.930778 0.363349 0.0403779 3.73472 -0.078776 0.0914833 0.992686 -0.497334
0.354023 -0.928272 0.113923 1.06554 0.931757 0.360577 0.0425787 3.7392 -0.0806025 0.0910743 0.992577 -0.469872
0.351041 -0.929389 0.114047 1.05672 0.932725 0.357797 0.0447783 3.74364 -0.0824222 0.0906558 0.992466 -0.441924
0.348054 -0.930499 0.114148 1.04789 0.933682 0.355008 0.0469763 3.74805 -0.0842349 0.0902277 0.992352 -0.413515
0.345073 -0.931599 0.114225 1.03908 0.934624 0.352222 0.0491637 3.75241 -0.0860332 0.089792 0.992238 -0.38479
0.342077 -0.932697 0.114277 1.03022 0.935558 0.349419 0.0513555 3.75675 -0.0878297 0.0893454 0.992121 -0.355572
0.339078 -0.933788 0.114306 1.02135 0.93648 0.34661 0.0535427 3.76106 -0.089617 0.0888898 0.992002 -0.326004
0.336078 -0.934871 0.11431 1.01248 0.937389 0.343797 0.0557231 3.76532 -0.0913934 0.0884257 0.991881 -0.296141
0.333086 -0.935944 0.114291 1.00363 0.938283 0.340988 0.0578906 3.76953 -0.0931541 0.0879544 0.991759 -0.266093
0.330076 -0.937015 0.114247 0.994723 0.93917 0.338159 0.0600632 3.77372 -0.0949138 0.087472 0.991635 -0.235635
0.327076 -0.938075 0.11418 0.985847 0.940042 0.335335 0.0622212 3.77786 -0.0966567 0.0869827 0.99151 -0.205069
0.324063 -0.939131 0.114088 0.976933 0.940905 0.332496 0.0643797 3.78197 -0.098395 0.0864832 0.991382 -0.174205
0.32105 -0.940179 0.113973 0.968017 0.941755 0.329653 0.06653 3.78605 -0.100122 0.0859755 0.991254 -0.143193
0.318033 -0.941221 0.113834 0.959089 0.942594 0.326803 0.0686742 3.79008 -0.101839 0.085459 0.991123 -0.11203
0.315016 -0.942255 0.113672 0.950158 0.943421 0.323948 0.0708092 3.79408 -0.103544 0.0849344 0.990992 -0.0807831
0.311993 -0.943282 0.113485 0.941209 0.944238 0.321084 0.072939 3.79804 -0.10524 0.0844007 0.990859 -0.0494241
0.308966 -0.944303 0.113275 0.932247 0.945043 0.318213 0.0750618 3.80197 -0.106927 0.0838585 0.990724 -0.0180019
0.305946 -0.945314 0.113042 0.923303 0.945835 0.315343 0.0771698 3.80585 -0.108597 0.0833095 0.990589 0.0133417
0.302917 -0.94632 0.112785 0.914329 0.946617 0.31246 0.0792745 3.8097 -0.11026 0.082751 0.990452 0.044748
0.299887 -0.947317 0.112505 0.905352 0.947388 0.309573 0.0813685 3.81351 -0.11191 0.0821847 0.990314 0.0760857
0.296851 -0.948309 0.112201 0.896355 0.948148 0.306675 0.083456 3.81729 -0.113551 0.0816096 0.990175 0.107387
0.293814 -0.949293 0.111874 0.887351 0.948898 0.303772 0.0855335 3.82102 -0.115181 0.0810265 0.990034 0.138578
0.290773 -0.95027 0.111524 0.878334 0.949636 0.30086 0.0876022 3.82473 -0.116799 0.080435 0.989893 0.169649
0.287731 -0.951239 0.111151 0.869313 0.950364 0.297943 0.0896594 3.82839 -0.118404 0.079836 0.989751 0.200531
0.284692 -0.952199 0.110755 0.860296 0.951079 0.295024 0.0917032 3.83201 -0.119995 0.0792299 0.989608 0.231176
0.281648 -0.953153 0.110337 0.851262 0.951785 0.292095 0.0937382 3.83559 -0.121576 0.0786155 0.989464 0.261622
0.278603 -0.954098 0.109895 0.842223 0.952479 0.28916 0.0957611 3.83914 -0.123143 0.0779936 0.989319 0.291797
0.275552 -0.955037 0.109431 0.833164 0.953164 0.286215 0.0977751 3.84265 -0.1247 0.0773632 0.989174 0.321724
0.272511 -0.955965 0.108945 0.82413 0.953835 0.283274 0.09977 3.84611 -0.126238 0.0767275 0.989028 0.351226
0.269461 -0.956887 0.108437 0.815069 0.954498 0.28032 0.101757 3.84954 -0.127767 0.0760831 0.988882 0.380444
0.266401 -0.957803 0.107904 0.805972 0.955152 0.277351 0.103737 3.85295 -0.129287 0.0754292 0.988734 0.409373
0.263351 -0.958708 0.107352 0.796903 0.955793 0.274386 0.105697 3.8563 -0.130788 0.0747706 0.988587 0.437785
0.260288 -0.959609 0.106775 0.787792 0.956426 0.271403 0.107651 3.85963 -0.132282 0.0741022 0.988438 0.465871
0.257228 -0.9605 0.106177 0.778686 0.957049 0.268418 0.109589 3.86291 -0.13376 0.0734275 0.98829 0.493457
0.254178 -0.961379 0.10556 0.769608 0.957658 0.265438 0.111505 3.86614 -0.135219 0.0727483 0.988141 0.520452
0.251119 -0.962253 0.10492 0.760499 0.958259 0.262443 0.113413 3.86935 -0.136668 0.0720604 0.987993 0.547003
0.248059 -0.963118 0.104258 0.751381 0.958851 0.259442 0.115306 3.87251 -0.138103 0.0713654 0.987843 0.573017
0.24499 -0.963977 0.103574 0.742235 0.959433 0.256427 0.117189 3.87565 -0.139527 0.0706619 0.987694 0.598525
0.241931 -0.964825 0.102871 0.733116 0.960004 0.253416 0.11905 3.87873 -0.140932 0.0699542 0.987545 0.623349
0.238855 -0.965668 0.102143 0.72394 0.960568 0.250382 0.120906 3.88179 -0.14233 0.069236 0.987395 0.647688
0.235616 -0.966547 0.101354 0.714274 0.961151 0.247182 0.122843 3.88498 -0.143786 0.0684727 0.987237 0.672611
0.23273 -0.967321 0.100632 0.705659 0.961661 0.244325 0.124552 3.88777 -0.145069 0.0677867 0.987097 0.694187
0.229659 -0.968136 0.0998441 0.696489 0.962194 0.241281 0.126355 3.89071 -0.146419 0.0670508 0.986948 0.716467
0.226596 -0.968941 0.0990381 0.687336 0.962717 0.238237 0.128137 3.89361 -0.147751 0.0663104 0.986799 0.737984
0.223524 -0.969738 0.0982101 0.678155 0.963231 0.23518 0.129906 3.89647 -0.149072 0.065562 0.986651 0.758825
0.22045 -0.970527 0.0973616 0.668962 0.963737 0.232115 0.131659 3.89929 -0.150378 0.0648068 0.986502 0.778928
0.217377 -0.971306 0.0964942 0.65977 0.964232 0.229046 0.133393 3.90207 -0.151667 0.0640462 0.986354 0.798243
0.214304 -0.972077 0.095607 0.650571 0.964719 0.22597 0.13511 3.90482 -0.152942 0.0632793 0.986207 0.816772
0.211234 -0.972837 0.0947018 0.641378 0.965196 0.222892 0.136807 3.90752 -0.154199 0.0625076 0.986061 0.834472
0.208153 -0.973591 0.0937742 0.632148 0.965665 0.219798 0.138491 3.9102 -0.155445 0.0617273 0.985914 0.851405
0.20508 -0.974333 0.0928304 0.622939 0.966124 0.216705 0.140152 3.91282 -0.156671 0.0609433 0.985769 0.86745
0.202008 -0.975066 0.0918682 0.613727 0.966574 0.213608 0.141793 3.91541 -0.157882 0.0601541 0.985624 0.882633
0.198929 -0.975791 0.0908853 0.604489 0.967017 0.210498 0.14342 3.91796 -0.159079 0.0593573 0.98548 0.896978
0.195856 -0.976504 0.0898863 0.595267 0.967449 0.207389 0.145023 3.92047 -0.160257 0.0585569 0.985337 0.910406
0.192779 -0.97721 0.0888683 0.58603 0.967874 0.20427 0.146609 3.92295 -0.16142 0.0577501 0.985195 0.92295
0.189695 -0.977907 0.0878298 0.576765 0.968291 0.201139 0.148178 3.92539 -0.16257 0.0569361 0.985053 0.93461
0.186622 -0.978592 0.0867773 0.567527 0.968697 0.198011 0.149722 3.92778 -0.1637 0.0561195 0.984913 0.945308
0.183538 -0.979269 0.0857039 0.558254 0.969097 0.194868 0.151251 3.93014 -0.164816 0.0552951 0.984773 0.955105
0.180468 -0.979934 0.0846183 0.54902 0.969487 0.191734 0.152752 3.93245 -0.165911 0.0544695 0.984635 0.963917
0.177383 -0.980592 0.0835102 0.539733 0.96987 0.188579 0.15424 3.93474 -0.166995 0.0536345 0.984498 0.971822
0.174298 -0.98124 0.0823858 0.530447 0.970245 0.185419 0.155706 3.93698 -0.168061 0.0527951 0.984362 0.97876
0.171225 -0.981876 0.081249 0.521189 0.97061 0.182264 0.157146 3.93918 -0.169107 0.0519537 0.984227 0.98471
0.168146 -0.982503 0.0800936 0.511907 0.970969 0.179098 0.158568 3.94135 -0.170138 0.0511059 0.984094 0.989701
0.165064 -0.98312 0.0789212 0.502614 0.971319 0.175924 0.159968 3.94347 -0.171152 0.0502527 0.983962 0.993719
0.161985 -0.983727 0.0777345 0.493328 0.971661 0.172748 0.161346 3.94556 -0.172148 0.049396 0.983832 0.996752
0.158891 -0.984326 0.0765262 0.48399 0.971997 0.169551 0.162707 3.94761 -0.173132 0.0485304 0.983702 0.998811
0.155818 -0.984911 0.0753104 0.47471 0.972323 0.166369 0.164038 3.94961 -0.174092 0.047666 0.983575 0.999873
0.152739 -0.985486 0.0740778 0.465411 0.972642 0.163178 0.165348 3.95158 -0.175036 0.046796 0.983449 0.999952
0.149656 -0.986052 0.0728283 0.456092 0.972954 0.159976 0.166638 3.95351 -0.175964 0.0459202 0.983325 0.999045
0.146538 -0.986614 0.0715499 0.446665 0.973262 0.156732 0.167919 3.95543 -0.176885 0.0450303 0.983201 0.997123
0.143492 -0.987152 0.0702869 0.437451 0.973555 0.153559 0.169147 3.95726 -0.177767 0.0441569 0.983081 0.994274
0.140414 -0.987686 0.0689968 0.428137 0.973844 0.150347 0.170365 3.95907 -0.17864 0.0432705 0.982963 0.990421
0.137332 -0.988209 0.0676912 0.418807 0.974126 0.147127 0.171561 3.96084 -0.179497 0.0423789 0.982845 0.985587
0.134244 -0.988723 0.0663693 0.409454 0.974401 0.143895 0.172735 3.96258 -0.180338 0.0414816 0.98273 0.979768
0.13117 -0.989224 0.0650399 0.400138 0.974668 0.140672 0.173881 3.96427 -0.181157 0.0405844 0.982617 0.97301
0.128083 -0.989716 0.0636925 0.390782 0.974928 0.137432 0.175007 3.96593 -0.181961 0.0396801 0.982505 0.965266
0.125 -0.990197 0.0623334 0.381431 0.975182 0.13419 0.176108 3.96755 -0.182746 0.038773 0.982395 0.956573
0.121918 -0.990666 0.0609627 0.372082 0.975428 0.130946 0.177183 3.96913 -0.183512 0.0378629 0.982288 0.946944
0.11884 -0.991124 0.0595816 0.36274 0.975667 0.127701 0.178233 3.97066 -0.18426 0.0369505 0.982183 0.936393
0.115753 -0.991572 0.0581844 0.353369 0.975899 0.124443 0.179261 3.97217 -0.184991 0.0360321 0.982079 0.924886
0.112676 -0.992008 0.0567801 0.344022 0.976125 0.12119 0.180261 3.97362 -0.185701 0.0351133 0.981979 0.912504
0.109593 -0.992434 0.0553616 0.334655 0.976343 0.117927 0.181237 3.97505 -0.186395 0.0341895 0.98188 0.899198
0.106511 -0.992848 0.0539321 0.325284 0.976555 0.11466 0.182189 3.97643 -0.18707 0.0332627 0.981783 0.885005
0.103426 -0.993251 0.0524909 0.315904 0.976761 0.111386 0.183115 3.97777 -0.187726 0.0323322 0.981689 0.869927
0.100349 -0.993642 0.0510429 0.306545 0.976959 0.108117 0.184014 3.97908 -0.188363 0.0314011 0.981597 0.854031
0.0971615 -0.994035 0.0495319 0.296845 0.977158 0.104726 0.184918 3.98038 -0.189003 0.0304335 0.981505 0.836677
0.0941886 -0.994391 0.0481131 0.287795 0.977337 0.10156 0.185737 3.98157 -0.189581 0.0295285 0.981421 0.819694
0.0910978 -0.99475 0.0466286 0.278384 0.977517 0.0982647 0.186562 3.98275 -0.190164 0.0285848 0.981336 0.801239
0.0880212 -0.995095 0.0451415 0.269012 0.977689 0.0949808 0.187357 3.9839 -0.190726 0.0276429 0.981254 0.782078
0.0849427 -0.99543 0.0436444 0.259632 0.977855 0.0916914 0.188127 3.98501 -0.191269 0.0266979 0.981175 0.762135
0.0818566 -0.995753 0.0421349 0.250226 0.978016 0.0883905 0.188872 3.98608 -0.191794 0.0257482 0.981097 0.741389
0.0787835 -0.996064 0.0406233 0.240857 0.978169 0.0851003 0.189588 3.9871 -0.192299 0.0248001 0.981023 0.72
0.0756957 -0.996364 0.0390963 0.23144 0.978317 0.081791 0.19028 3.98809 -0.192786 0.0238452 0.980951 0.697796
0.0726179 -0.996652 0.0375664 0.222051 0.978458 0.0784894 0.190944 3.98904 -0.193253 0.0228911 0.980882 0.674975
0.0695361 -0.996929 0.0360269 0.212647 0.978593 0.0751805 0.191582 3.98995 -0.193702 0.0219338 0.980815 0.651456
0.0664548 -0.997193 0.0344805 0.203243 0.978722 0.0718694 0.192192 3.99083 -0.194131 0.0209747 0.980751 0.627299
0.0633741 -0.997446 0.0329273 0.193838 0.978845 0.0685561 0.192776 3.99166 -0.194541 0.0200138 0.98069 0.602526
0.0603008 -0.997687 0.0313714 0.184453 0.978962 0.0652481 0.193331 3.99245 -0.194931 0.0190534 0.980632 0.577219
0.0572104 -0.997917 0.0298005 0.175014 0.979073 0.0619193 0.193862 3.9932 -0.195303 0.0180859 0.980576 0.551199
0.0541345 -0.998134 0.0282309 0.165617 0.979177 0.0586036 0.194363 3.99392 -0.195655 0.0171213 0.980523 0.524756
0.0510506 -0.99834 0.0266516 0.156194 0.979276 0.0552772 0.194838 3.99459 -0.195988 0.0161526 0.980473 0.497726
0.0479795 -0.998534 0.0250734 0.146808 0.979369 0.0519623 0.195284 3.99523 -0.196301 0.0151865 0.980426 0.470317
0.0448942 -0.998716 0.023483 0.137377 0.979456 0.0486301 0.195705 3.99582 -0.196595 0.0142146 0.980382 0.442316
0.0418151 -0.998886 0.021891 0.127963 0.979538 0.0453027 0.196097 3.99638 -0.19687 0.0132433 0.98034 0.413935
0.0387408 -0.999043 0.0202971 0.118562 0.979613 0.0419787 0.196461 3.99689 -0.197125 0.0122723 0.980302 0.385189
0.0356544 -0.999189 0.0186928 0.109123 0.979682 0.03864 0.196798 3.99737 -0.197361 0.0112963 0.980266 0.355949
0.0325802 -0.999323 0.0170911 0.0997199 0.979746 0.0353129 0.197107 3.99781 -0.197577 0.0103232 0.980233 0.326472
0.0294974 -0.999445 0.0154815 0.0902895 0.979804 0.0319753 0.197388 3.99821 -0.197774 0.00934643 0.980203 0.296591
0.0264218 -0.999555 0.0138726 0.0808798 0.979856 0.0286441 0.197641 3.99857 -0.197951 0.00837107 0.980176 0.266487
0.0233362 -0.999653 0.0122556 0.0714388 0.979902 0.025301 0.197867 3.99889 -0.198109 0.0073918 0.980152 0.236021
0.020264 -0.999738 0.0106432 0.0620379 0.979943 0.0219714 0.198065 3.99916 -0.198246 0.00641612 0.980131 0.205455
0.0171841 -0.999812 0.00902457 0.0526126 0.979978 0.0186326 0.198234 3.99941 -0.198365 0.00543739 0.980113 0.174609
0.0140992 -0.999873 0.0074015 0.0431713 0.980007 0.0152875 0.198376 3.99961 -0.198464 0.00445657 0.980098 0.14354
0.01103 -0.999922 0.00578519 0.0337774 0.98003 0.0119589 0.19849 3.99977 -0.198543 0.00348033 0.980086 0.112487
0.00794297 -0.99996 0.00415837 0.0243288 0.980048 0.00861059 0.198575 3.99989 -0.198603 0.00249812 0.980077 0.0811433
0.00486561 -0.999985 0.00253579 0.0149094 0.98006 0.00527236 0.198633 3.99997 -0.198643 0.00151876 0.980071 0.0498174
0.00178584 -0.999998 0.000911432 0.00548243 0.980066 0.00193131 0.198663 4.00002 -0.198664 0.000538485 0.980067 0.018418
-0.00128953 -0.999999 -0.000710785 -0.0039311 0.980067 -0.00140503 0.198664 4.00002 -0.198665 -0.000440434 0.980067 -0.0129544
-0.00436548 -0.999988 -0.00233317 -0.0133464 0.980061 -0.00474196 0.198638 3.99998 -0.198646 -0.0014195 0.98007 -0.0443199
-0.00745356 -0.999964 -0.00396148 -0.0227986 0.980051 -0.00809184 0.198583 3.99991 -0.198608 -0.0024023 0.980076 -0.0757647
-0.0105311 -0.999929 -0.00558342 -0.0322183 0.980034 -0.0114299 0.198501 3.99979 -0.19855 -0.00338151 0.980085 -0.107027
-0.0136058 -0.999881 -0.00720278 -0.0416291 0.980012 -0.0147646 0.19839 3.99964 -0.198473 -0.00435954 0.980097 -0.138155
-0.0166862 -0.999822 -0.00882365 -0.0510565 0.979984 -0.0181048 0.198252 3.99944 -0.198376 -0.00533896 0.980111 -0.169203
-0.0197672 -0.99975 -0.0104431 -0.0604853 0.97995 -0.0214449 0.198085 3.99921 -0.198259 -0.00631809 0.980129 -0.20009
-0.0228408 -0.999666 -0.0120565 -0.0698905 0.979911 -0.0247761 0.197891 3.99894 -0.198124 -0.00729428 0.98015 -0.230705
-0.0259226 -0.99957 -0.0136718 -0.0793202 0.979866 -0.0281152 0.197668 3.99863 -0.197968 -0.00827243 0.980174 -0.261173
-0.0290032 -0.999462 -0.0152837 -0.0887453 0.979815 -0.031452 0.197418 3.99827 -0.197793 -0.00924945 0.9802 -0.291371
-0.0320878 -0.999342 -0.0168946 -0.0981814 0.979758 -0.0347918 0.197139 3.99788 -0.197597 -0.0102269 0.98023 -0.321318
-0.0351572 -0.999211 -0.0184942 -0.10757 0.979696 -0.0381138 0.196834 3.99745 -0.197384 -0.0111986 0.980262 -0.350801
-0.0382486 -0.999066 -0.0201015 -0.117024 0.979627 -0.041458 0.196499 3.99698 -0.197149 -0.0121762 0.980298 -0.380147
-0.0413189 -0.99891 -0.0216939 -0.126413 0.979553 -0.0447779 0.196139 3.99647 -0.196897 -0.013146 0.980336 -0.408918
-0.0444004 -0.998742 -0.0232876 -0.135834 0.979473 -0.0481081 0.19575 3.99592 -0.196624 -0.0141182 0.980377 -0.437389
-0.0474821 -0.998562 -0.0248768 -0.145254 0.979387 -0.0514365 0.195333 3.99534 -0.196332 -0.0150892 0.980421 -0.465428
-0.0505549 -0.998371 -0.0264564 -0.154646 0.979296 -0.0547535 0.19489 3.99471 -0.196021 -0.016056 0.980468 -0.492928
-0.0536436 -0.998166 -0.0280388 -0.164084 0.979198 -0.0580854 0.194417 3.99404 -0.195689 -0.0170263 0.980518 -0.520081
-0.0567146 -0.997951 -0.0296065 -0.173466 0.979094 -0.061396 0.19392 3.99334 -0.19534 -0.0179895 0.980571 -0.546565
-0.0598003 -0.997723 -0.0311758 -0.182891 0.978984 -0.0647201 0.193393 3.99259 -0.19497 -0.0189557 0.980626 -0.572635
-0.0628779 -0.997484 -0.0327346 -0.192289 0.978869 -0.0680329 0.19284 3.9918 -0.194582 -0.0199176 0.980684 -0.598071
-0.0659556 -0.997233 -0.034287 -0.201685 0.978747 -0.0713432 0.19226 3.99098 -0.194174 -0.0208777 0.980745 -0.622917
-0.0690405 -0.99697 -0.0358361 -0.211101 0.978619 -0.0746586 0.191651 3.99011 -0.193746 -0.0218382 0.980809 -0.647204
-0.0721212 -0.996695 -0.0373759 -0.220502 0.978485 -0.0779666 0.191017 3.98921 -0.1933 -0.0227954 0.980875 -0.670818
-0.0752078 -0.996408 -0.038911 -0.229918 0.978345 -0.0812779 0.190354 3.98827 -0.192833 -0.0237523 0.980944 -0.693812
-0.0782782 -0.996111 -0.0404304 -0.239282 0.978199 -0.0845689 0.189669 3.98729 -0.19235 -0.024702 0.981015 -0.716003
-0.0813688 -0.995801 -0.0419516 -0.248705 0.978046 -0.0878783 0.188952 3.98626 -0.191845 -0.0256558 0.98109 -0.73763
-0.0844466 -0.99548 -0.043458 -0.258086 0.977888 -0.0911707 0.188212 3.9852 -0.191323 -0.0266032 0.981167 -0.758437
-0.0875218 -0.995148 -0.0449545 -0.267456 0.977723 -0.094457 0.187446 3.9841 -0.190783 -0.0275475 0.981246 -0.778482
-0.0906038 -0.994803 -0.0464453 -0.276845 0.977551 -0.097747 0.186652 3.98296 -0.190222 -0.0284913 0.981328 -0.797801
-0.0936882 -0.994447 -0.0479279 -0.286237 0.977373 -0.101036 0.185832 3.98178 -0.189642 -0.0294332 0.981412 -0.816346
-0.0967649 -0.994081 -0.0493971 -0.295602 0.977189 -0.104313 0.184987 3.98057 -0.189045 -0.0303701 0.981499 -0.834039
-0.0998535 -0.993701 -0.0508622 -0.305002 0.976998 -0.107599 0.184114 3.97931 -0.188427 -0.0313079 0.981588 -0.850975
-0.102929 -0.993312 -0.0523108 -0.314357 0.976801 -0.110867 0.183218 3.97801 -0.187792 -0.0322388 0.98168 -0.867
-0.106011 -0.992911 -0.0537519 -0.323729 0.976597 -0.114138 0.182295 3.97668 -0.187138 -0.0331687 0.981773 -0.882203
-0.109094 -0.992499 -0.0551828 -0.3331 0.976386 -0.117406 0.181347 3.9753 -0.186465 -0.0340959 0.98187 -0.896539
-0.112181 -0.992074 -0.0566045 -0.342481 0.976168 -0.120674 0.180372 3.97388 -0.185773 -0.0350213 0.981968 -0.910008
-0.11526 -0.99164 -0.058011 -0.351833 0.975944 -0.123929 0.179374 3.97243 -0.185064 -0.0359409 0.982069 -0.922541
-0.118339 -0.991195 -0.0594061 -0.361183 0.975713 -0.12718 0.178351 3.97094 -0.184336 -0.0368574 0.982172 -0.934167
-0.121426 -0.990737 -0.0607929 -0.370553 0.975475 -0.130435 0.177301 3.9694 -0.183588 -0.0377729 0.982277 -0.9449
-0.12451 -0.990269 -0.0621658 -0.379908 0.97523 -0.133682 0.176228 3.96783 -0.182823 -0.0386839 0.982384 -0.954684
-0.127586 -0.989791 -0.0635229 -0.389236 0.974978 -0.136916 0.175132 3.96622 -0.182042 -0.0395891 0.982493 -0.963505
-0.130669 -0.989301 -0.0648708 -0.398585 0.974719 -0.140154 0.17401 3.96457 -0.18124 -0.040493 0.982605 -0.971398
-0.133748 -0.988802 -0.0662034 -0.407913 0.974453 -0.143381 0.172866 3.96289 -0.180422 -0.0413917 0.982718 -0.978319
-0.136831 -0.98829 -0.0675247 -0.417251 0.97418 -0.146608 0.171696 3.96116 -0.179585 -0.0422879 0.982833 -0.984286
-0.139915 -0.987768 -0.0688327 -0.426588 0.973899 -0.149832 0.170502 3.95939 -0.178729 -0.0431804 0.98295 -0.989281
-0.143001 -0.987235 -0.070128 -0.435927 0.973611 -0.153052 0.169283 3.95758 -0.177855 -0.0440697 0.983069 -0.993301
-0.146075 -0.986693 -0.071404 -0.445225 0.973316 -0.156255 0.168046 3.95574 -0.176967 -0.0449514 0.98319 -0.996327
-0.14916 -0.986139 -0.0726704 -0.454553 0.973013 -0.159465 0.166782 3.95385 -0.176058 -0.0458322 0.983312 -0.998382
-0.152243 -0.985575 -0.0739217 -0.463873 0.972703 -0.162668 0.165495 3.95193 -0.175132 -0.0467085 0.983436 -0.999448
-0.155323 -0.985001 -0.0751566 -0.473176 0.972385 -0.165861 0.164186 3.94997 -0.174189 -0.0475793 0.983562 -0.999527
-0.158401 -0.984416 -0.0763759 -0.482471 0.97206 -0.169048 0.162856 3.94797 -0.17323 -0.0484454 0.983689 -0.998621
-0.161486 -0.983821 -0.0775825 -0.491781 0.971726 -0.172236 0.161501 3.94593 -0.17225 -0.0493089 0.983818 -0.996726
-0.164568 -0.983215 -0.0787725 -0.501079 0.971385 -0.175417 0.160125 3.94385 -0.171255 -0.0501671 0.983949 -0.993848
-0.167648 -0.9826 -0.0799459 -0.510366 0.971036 -0.178589 0.158727 3.94173 -0.170243 -0.0510201 0.98408 -0.989991
-0.170733 -0.981974 -0.0811055 -0.519666 0.970679 -0.181762 0.157306 3.93957 -0.169212 -0.05187 0.984214 -0.985146
-0.173804 -0.98134 -0.0822432 -0.528916 0.970315 -0.184914 0.155869 3.93738 -0.168169 -0.0527111 0.984348 -0.979357
-0.17689 -0.980693 -0.0833703 -0.53821 0.969941 -0.188077 0.154405 3.93514 -0.167104 -0.0535517 0.984484 -0.972568
-0.179965 -0.980039 -0.0844765 -0.547465 0.969561 -0.191222 0.152924 3.93287 -0.166025 -0.0543841 0.984621 -0.964846
-0.183051 -0.979372 -0.0855699 -0.556749 0.969171 -0.194374 0.151417 3.93055 -0.164926 -0.0552147 0.984759 -0.956139
-0.186122 -0.978699 -0.0866407 -0.565983 0.968774 -0.197504 0.149897 3.92821 -0.163816 -0.0560361 0.984898 -0.946534
-0.189201 -0.978014 -0.0876972 -0.575238 0.968368 -0.200638 0.148353 3.92582 -0.162686 -0.0568547 0.985038 -0.935966
-0.192287 -0.977318 -0.0887383 -0.584508 0.967952 -0.203772 0.146785 3.92338 -0.161538 -0.0576697 0.98518 -0.924448
-0.195361 -0.976615 -0.0897578 -0.593739 0.96753 -0.206889 0.145202 3.92092 -0.160377 -0.0584764 0.985322 -0.912059
-0.198435 -0.975903 -0.0907591 -0.602964 0.967098 -0.209999 0.143601 3.91841 -0.1592 -0.0592776 0.985465 -0.898772
-0.201509 -0.975181 -0.0917425 -0.612187 0.966658 -0.213105 0.141979 3.91587 -0.158006 -0.0600735 0.985609 -0.884593
-0.204599 -0.974445 -0.0927124 -0.621453 0.966207 -0.216221 0.14033 3.91328 -0.156791 -0.0608679 0.985754 -0.869461
-0.207666 -0.973706 -0.0936565 -0.630645 0.96575 -0.219307 0.138675 3.91066 -0.155568 -0.0616508 0.985899 -0.853582
-0.210742 -0.972955 -0.0945847 -0.63986 0.965283 -0.222398 0.136995 3.908 -0.154326 -0.0624304 0.986046 -0.83681
-0.213815 -0.972196 -0.0954931 -0.649063 0.964807 -0.22548 0.135299 3.9053 -0.153069 -0.0632035 0.986192 -0.819223
-0.216889 -0.971427 -0.0963826 -0.658263 0.964322 -0.228556 0.133584 3.90256 -0.151796 -0.063971 0.98634 -0.80082
-0.219956 -0.97065 -0.0972509 -0.667441 0.963829 -0.231621 0.131855 3.89979 -0.15051 -0.064731 0.986487 -0.78166
-0.22303 -0.969863 -0.0981014 -0.676631 0.963325 -0.234686 0.130104 3.89697 -0.149206 -0.0654865 0.986635 -0.761688
-0.226101 -0.969067 -0.0989318 -0.685813 0.962812 -0.237744 0.128337 3.89412 -0.147887 -0.0662356 0.986784 -0.740967
-0.229169 -0.968263 -0.0997412 -0.694979 0.962291 -0.240792 0.126555 3.89123 -0.146555 -0.0669776 0.986932 -0.719538
-0.232243 -0.967449 -0.100532 -0.704159 0.961758 -0.24384 0.124752 3.88829 -0.145205 -0.0677149 0.987082 -0.697346
-0.235301 -0.966629 -0.101299 -0.713289 0.961219 -0.246868 0.122942 3.88533 -0.143846 -0.0684423 0.98723 -0.674571
-0.238368 -0.965799 -0.102048 -0.72244 0.960668 -0.249898 0.12111 3.88233 -0.142469 -0.0691653 0.98738 -0.651065
-0.241441 -0.964958 -0.102777 -0.731606 0.960107 -0.252929 0.119258 3.87928 -0.141074 -0.0698833 0.987529 -0.626855
-0.244505 -0.96411 -0.103484 -0.740744 0.959536 -0.255946 0.117395 3.87619 -0.139668 -0.0705931 0.987679 -0.60208
-0.247568 -0.963254 -0.10417 -0.749871 0.958956 -0.258956 0.115518 3.87307 -0.138248 -0.0712957 0.987828 -0.57672
-0.250627 -0.962391 -0.104834 -0.758984 0.958367 -0.261957 0.113627 3.86991 -0.136815 -0.071991 0.987977 -0.550809
-0.253691 -0.961517 -0.105477 -0.768108 0.957767 -0.264956 0.111718 3.86671 -0.135366 -0.0726807 0.988126 -0.524304
-0.256749 -0.960637 -0.106099 -0.777212 0.957157 -0.267946 0.109798 3.86348 -0.133905 -0.0733625 0.988275 -0.497314
-0.2598 -0.95975 -0.106697 -0.786292 0.956538 -0.270923 0.107867 3.86021 -0.132432 -0.0740358 0.988423 -0.469886
-0.262855 -0.958853 -0.107275 -0.79538 0.955908 -0.273898 0.10592 3.8569 -0.130944 -0.0747032 0.988571 -0.441948
-0.265912 -0.957947 -0.107831 -0.80447 0.955267 -0.27687 0.103957 3.85355 -0.129441 -0.075364 0.988719 -0.413539
-0.26897 -0.957033 -0.108366 -0.81356 0.954615 -0.279838 0.10198 3.85015 -0.127923 -0.0760181 0.988866 -0.384698
-0.272022 -0.956112 -0.108877 -0.822628 0.953954 -0.282795 0.0999934 3.84672 -0.126395 -0.0766637 0.989013 -0.355522
-0.275066 -0.955185 -0.109366 -0.831671 0.953284 -0.285739 0.0979981 3.84327 -0.124856 -0.0773006 0.989159 -0.326049
-0.278115 -0.954248 -0.109833 -0.840724 0.952601 -0.288683 0.0959869 3.83976 -0.123302 -0.0779313 0.989304 -0.296194
-0.281158 -0.953304 -0.110276 -0.84976 0.951909 -0.291617 0.0939663 3.83623 -0.121737 -0.0785537 0.989449 -0.266078
-0.284212 -0.952349 -0.110699 -0.858821 0.951203 -0.294555 0.0919267 3.83264 -0.120153 -0.0791707 0.989593 -0.235584
-0.287249 -0.951391 -0.111097 -0.867832 0.95049 -0.297473 0.0898856 3.82903 -0.118565 -0.079777 0.989736 -0.204998
-0.290286 -0.950425 -0.111472 -0.876839 0.949765 -0.300386 0.087833 3.82538 -0.116963 -0.0803759 0.989878 -0.174196
-0.293336 -0.949447 -0.111826 -0.885884 0.949026 -0.303307 0.0857594 3.82167 -0.115342 -0.0809698 0.99002 -0.14306
-0.296362 -0.948468 -0.112155 -0.894853 0.948281 -0.3062 0.0836912 3.81795 -0.11372 -0.0815514 0.99016 -0.112014
-0.299398 -0.947477 -0.112461 -0.903851 0.947523 -0.309098 0.0816047 3.81418 -0.11208 -0.0821274 0.9903 -0.0807271
-0.302429 -0.946481 -0.112744 -0.912831 0.946753 -0.311987 0.079511 3.81038 -0.11043 -0.0826947 0.990438 -0.0493898
-0.305458 -0.945476 -0.113004 -0.921804 0.945973 -0.31487 0.077408 3.80654 -0.108769 -0.0832539 0.990575 -0.0179983
-0.308485 -0.944465 -0.11324 -0.930769 0.945181 -0.317747 0.0752962 3.80266 -0.107096 -0.0838048 0.99071 0.0134135
-0.311506 -0.943447 -0.113453 -0.939715 0.944379 -0.320613 0.0731786 3.79875 -0.105415 -0.0843469 0.990845 0.044777
